0 1.79701e-11
5 -58.1731
10.001 -161.902
15.001 -205.359
20 -201.789
25 -225.082
30 -227.08
35 -234.708
40.001 -243.065
45.001 -241.395
50.001 -234.183
55.001 -242.241
60.001 -250.275
65.001 -244.143
70.001 -247.114
75.001 -246.849
80 -242.53
85 -257.782
90 -248.183
95 -254.486
100 -257.689
105 -255.806
110 -262.005
115 -262.047
120 -244.364
125 -251.086
130 -264.075
135 -256.951
140 -247.503
145 -265
150 -258.544
155 -266.796
160 -284.713
165 -269.43
170 -257.971
175 -268.659
180 -258.974
185 -269.988
190 -273.189
195 -262.969
200 -277.458
205 -250.151
210 -277.458
215 -274.084
220 -254.436
225 -266.096
230 -271.982
235 -262.441
240 -313.049
245 -253.743
250 -286.29
255 -263.911
260 -269.813
265 -266.46
270 -277.184
275 -276.258
280 -258.759
285 -290.293
290 -260.002
295.001 -281.396
300.001 -266.795
305.001 -289.783
310.001 -288.883
315.001 -281.285
320.001 -303.009
325.001 -271.504
330.001 -292.479
335.001 -296.055
340.001 -293.454
345.001 -307.158
350.001 -277.839
355.001 -295.911
360.001 -279.147
365.001 -297.738
370.001 -266.491
375.001 -292.591
380.001 -297.159
385.001 -278.396
390.001 -285.203
395.001 -280.482
400.001 -295.754
405.001 -281.592
410.001 -296.218
415.001 -270.463
420.001 -286.086
425.001 -280.463
430.001 -309.155
435.001 -290.982
440.001 -281.698
445.001 -265.596
450.001 -289.961
455.001 -266.087
460.001 -282.919
465.001 -288.309
470.001 -272.15
475.001 -289.431
480.001 -278.471
485.001 -281.417
490.001 -310.526
495.001 -283.92
500.001 -264.565
505.001 -281.838
510.001 -300.958
515.001 -298.33
520.001 -310.984
525.001 -301.175
530.001 -309.44
535.001 -295.7
540.001 -302.299
545.001 -294.733
550.001 -289.251
555.001 -301.283
560.001 -304.226
565.001 -310.91
570.001 -308.404
575.001 -308.391
580.001 -296.981
585.001 -300.554
590.001 -288.723
595.001 -310.704
600.001 -291.569
605.001 -311.373
610.001 -291.951
615.001 -291.704
620.001 -302.447
625.001 -295.41
630.001 -307.626
635.001 -308.701
640.001 -293.585
645.001 -287.416
650.001 -280.345
655.001 -304.643
660.001 -309.881
665.001 -289.602
670.001 -310.149
675.001 -305.653
680.001 -321.16
685.001 -296.293
690.001 -302.766
695.001 -306.114
700.001 -304.435
705.001 -286.34
710.001 -301.342
715.001 -281.266
720.001 -312.886
725.001 -286.712
730.001 -304.387
735.001 -304.606
740.001 -289.519
745.001 -297.033
750.001 -294.941
755.001 -291.185
760.001 -303.955
765.001 -301.168
770.001 -310.411
775.001 -311.896
780.001 -284.428
785.001 -291.083
790.001 -304.561
795.001 -296.906
800.001 -277.673
805.001 -299.78
810.001 -300.037
815.001 -301.363
820.001 -288.573
825.001 -295.009
830.001 -303.956
835.001 -286.764
840.001 -297.74
845.001 -306.433
850.001 -313.249
855.001 -295.23
860.001 -291.766
865.001 -301.701
870.001 -298.876
875.001 -314.175
880.001 -317.715
885.001 -286.096
890.001 -319.407
895.001 -300.653
900.001 -309.638
905.001 -302.297
910.001 -300.378
915.001 -308.968
920.001 -306.628
925.001 -310.746
930.001 -305.687
935.001 -313.455
940.001 -300.462
945.001 -315.18
950.001 -305.431
955.001 -302.891
960.001 -299.037
965.001 -313.232
970.001 -312.445
975.001 -295.779
980.001 -293.367
985.001 -291.27
990.001 -298.772
995.001 -293.588
1000 -307.634
1005 -284.153
1010 -297.918
1015 -303.842
1020 -300.386
1025 -300.704
1030 -298.378
1035 -314.316
1040 -301.343
1045 -304.649
1050 -302.876
1055 -308.169
1060 -296.506
1065 -302.011
1070 -304.507
1075 -318.887
1080 -324.881
1085 -308.564
1090 -294.359
1095 -313.231
1100 -317.597
1105 -288.866
1110 -300.811
1115 -319.884
1120 -297.974
1125 -313.407
1130 -314.351
1135 -300.78
1140 -304.331
1145 -308.071
1150 -308.126
1155 -292.713
1160 -301.863
1165 -284.412
1170 -295.749
1175 -305.59
1180 -286.237
1185 -303.217
1190 -295.806
1195 -313.314
1200 -306.716
1205 -318.905
1210 -321.794
1215 -304.148
1220 -310.391
1225 -304.87
1230 -296.822
1235 -308.186
1240 -296.821
1245 -309.281
1250 -308.308
1255 -295.917
1260 -288.818
1265 -304.266
1270 -300.071
1275 -319.714
1280 -314.925
1285 -315.659
1290 -291.721
1295 -301.993
1300 -298.35
1305 -313.005
1310 -325.403
1315 -329.53
1320 -314.547
1325 -308.056
1330 -320.931
1335 -316.069
1340 -308.917
1345 -307.016
1350 -306.082
1355 -309.046
1360 -292.144
1365 -294.398
1370 -299.926
1375 -315.773
1380 -305.779
1385 -319.293
1390 -304.843
1395 -297.384
1400 -305.093
1405 -316.091
1410 -316.948
1415 -318.357
1420 -294.528
1425 -301.238
1430 -304.399
1435 -305.894
1440 -298.533
1445 -311.826
1450 -321.319
1455 -305.311
1460 -302.188
1465 -292.111
1470 -286.413
1475 -298.514
1480 -303.98
1485 -300.415
1490 -380.685
1495 -296.905
1500 -335.948
1505 -311.804
1510 -294.696
1515 -313.908
1520 -298.344
1525 -286.934
1530 -305.031
1535 -310.682
1540 -318.575
1545 -319.303
1550 -309.838
1555 -318.411
1560 -318.597
1565 -316.528
1570 -295.403
1575 -297.954
1580 -299.285
1585 -323.47
1590 -292.381
1595 -305.115
1600 -312.724
1605 -321.494
1610 -314.553
1615 -301.01
1620 -299.617
1625 -308.729
1630 -301.372
1635 -302.331
1640 -314.887
1645 -292.091
1650 -299.707
1655 -312.893
1660 -321.01
1665 -309.373
1670 -308.785
1675 -321.577
1680 -309.158
1685 -322.664
1690 -303.136
1695 -297.446
1700 -309.537
1705 -287.787
1710 -312.872
1715 -307.214
1720 -340.008
1725 -331.08
1730 -326.033
1735 -325.125
1740 -311.734
1745 -326.685
1750 -328.191
1755 -324.573
1760 -315.553
1765 -309.639
1770 -310.762
1775 -321.994
1780 -317.483
1785 -314.698
1790 -308.684
1795 -313.041
1800 -316.662
1805 -323.505
1810 -315.282
1815 -323.582
1820 -326.586
1825 -310.696
1830 -330.247
1835 -328.556
1840 -324.473
1845 -340.427
1850 -318.324
1855 -328.243
1860 -321.728
1865 -319.189
1870 -315.945
1875 -329.625
1880 -321.849
1885 -320.287
1890 -303.658
1895 -316.975
1900 -309.169
1905 -320.26
1910 -298.922
1915 -317.996
1920 -307.353
1925 -326.267
1930 -295.802
1935 -316.221
1940 -304.985
1945 -317.397
1950 -319.141
1955 -319.026
1960 -312.27
1965 -309.206
1970 -302.498
1975 -315.695
1980 -322.394
1985 -316.533
1990 -306.719
1995 -324.744
