0 -3513.29
3.001 -3468.63
6 -3461.91
9 -3573.05
12.001 -3462.81
15.001 -3497.25
18.001 -3656.08
21 -3561.08
24 -3754.43
27 -3699.16
30 -3815.94
33 -3743.68
36 -3695.66
39.001 -3943.87
42.001 -3738.59
45.001 -3739.72
48.001 -3803.21
51.001 -3782.25
54.001 -3815.58
57.001 -3829.9
60.001 -4049.56
63.001 -3779.73
66.001 -3776.93
69.001 -2861.66
72.001 -4079.66
75.001 -3900.68
78 -3900.19
81 -3835.06
84 -4000.23
87 -3884.56
90 -3888.26
93 -4022.79
96 -3860.27
99 -3868.09
102 -4065.86
105 -3902.06
108 -4498.56
111 -4533.78
114 -3908.03
117 -3846.05
120 -3956.65
