0 0.381064
3.001 0.261379
6 0.769467
9 0.85837
12.001 0.865122
15.001 0.858666
18.001 0.850306
21 0.809961
24 0.752095
27 0.71781
30 0.715806
33 0.6689
36 0.641144
39.001 0.60994
42.001 0.604512
45.001 0.604109
48.001 0.555364
51.001 0.583803
54.001 0.520417
57.001 0.561034
60.001 0.535438
63.001 0.545356
66.001 0.525076
69.001 0.550194
72.001 0.538213
75.001 0.5542
78 0.499915
81 0.534743
84 0.503922
87 0.51617
90 0.499159
93 0.47692
96 0.50403
99 0.490535
102 0.451486
105 0.495619
108 0.479843
111 0.475188
114 0.52685
117 0.517593
120 0.52305
