0 8994.41 -1946.79
1 5222.72 -712.892
2.001 5517.61 -693.663
3.001 5360.01 -794.824
4.001 5382.95 -785.315
5 5120.04 -757.69
6 5319.09 -904.569
7 5407.37 -840.225
8 5053.3 -860.787
9 5166.1 -793.024
10.001 5268 -929.222
11.001 5051.06 -840.718
12.001 5028 -777.345
13.001 5181.18 -850.215
14.001 4989.91 -873.676
15.001 5340.79 -933.267
16.001 4975.05 -819.793
17.001 5009.08 -864.494
18.001 4961.26 -817.917
19 5064.17 -847.177
20 4936.85 -898.052
21 5073.07 -895.188
22 4945.35 -837.103
23 4784.51 -827.597
24 4952.07 -898.548
25 4986.33 -871.84
26 4978.84 -959.163
27 4735.19 -860.33
28 4864.38 -938.702
29 4924.57 -952.62
30 4771.35 -991.455
31 4734.44 -898.298
32 4759.5 -993.346
33 4588.19 -885.693
34 4684.69 -913.064
35 4727.42 -1109.64
36 4550.56 -883.512
37 4562.51 -886.282
38 4516.97 -927.671
39.001 4348.32 -836.251
40.001 4609.81 -955.501
41.001 4432.33 -924.892
42.001 4410.27 -964.551
43.001 4461.12 -957.65
44.001 4397.78 -917.663
45.001 4432.35 -965.958
46.001 4496.79 -1001.87
47.001 4322.69 -919.054
48.001 4288.51 -933.564
49.001 4316.15 -968.658
50.001 4153.5 -924.017
51.001 4540.14 -1020.25
52.001 4161.73 -941.379
53.001 4245.52 -1006.27
54.001 4268.4 -1035.57
55.001 4422.22 -1125.81
56.001 4206.1 -997.248
57.001 4146.67 -1022.93
58.001 4194.12 -984.924
59.001 4019.67 -958.706
60.001 3698.93 -869.547
61.001 4159.82 -1071.5
62.001 4026.61 -933.244
63.001 3963.78 -1017.94
64.001 3950.14 -1026.2
65.001 3992.49 -957.794
66.001 3914.74 -994.683
67.001 3807.49 -999.138
68.001 3968.39 -1038.24
69.001 3868.69 -1021.9
70.001 4030.1 -1073.78
71.001 3902.17 -1117.25
72.001 3923.9 -1122.55
73.001 4002.43 -1079.33
74.001 3883.67 -1087.77
75.001 3816.82 -1036.99
76.001 3611.24 -978.451
77 3759.24 -1058.01
78 3610.98 -999.252
79 3638.06 -1061.8
80 3832.42 -1129.35
81 3815.39 -1129.01
82 3717.99 -1104.41
83 3618.98 -1092.12
84 3714 -1121.06
85 3529.72 -1104.03
86 3415.8 -1063.51
87 3524.19 -1087.03
88 3466.24 -1054.51
89 3422.03 -1060.94
90 3538.91 -1097.26
91 3396.46 -1012.21
92 3243.83 -1076.62
93 3343.57 -1315.14
94 3424.57 -1114.49
95 3413.27 -1140.8
96 3455.85 -1173.03
97 3341.33 -1185.08
98 3397.59 -1171.7
99 3339.37 -1098.96
100 3440.03 -1161.59
101 3299.91 -1106.05
102 3225.55 -1081.22
103 3140.09 -1036.75
104 3127.27 -1076.3
105 3341.81 -1139.66
106 3136.03 -1122.46
107 3101.88 -1108.96
108 3157.65 -1146.02
109 3319.24 -1191.68
110 3196.8 -1193.6
111 3281.31 -1188.95
112 3081.6 -1106.05
113 3290.3 -1216.75
114 3102.82 -1148.86
115 3046.35 -1166.43
116 3038.54 -1218.03
117 3031.22 -1197.06
118 3016.6 -1162.39
119 2988.82 -1175.32
120 3024.63 -1166.1
121 3190.88 -1281.33
122 3024.73 -1181.89
123 2940.17 -1163.13
124 2909.87 -1174.75
125 2999.54 -1264.59
126 2987.69 -1174.98
127 2837.73 -1174.41
128 2989.36 -1213.67
129 2886.22 -1177.07
130 3037.05 -1250.77
131 2919.44 -1221.1
132 2959.74 -1208
133 2878.83 -1187.98
134 2756.01 -1197.05
135 2969.14 -1206.9
136 2855.56 -1187.95
137 2757.71 -1162.85
138 2823.08 -1247.08
139 2787.93 -1181.22
140 2763.46 -1209.27
141 2683.77 -1171.22
142 2705.78 -1204.55
143 2781.34 -1249.35
144 2756.47 -1493.53
145 2709.68 -1273.78
146 2712.99 -1545.63
147 2657.44 -1231.8
148 2743.58 -1263.57
149 2769.6 -1315.53
150 2613 -1256.92
151 2656.94 -1277.7
152 2695.38 -1281.4
153 2395.32 -1205.03
154 2592.42 -1271.1
155 2502.78 -1256.35
156 2601.44 -1251.74
157 2476.67 -1219.05
158 2482.53 -1277.77
159 2499.16 -1369.37
160 2580.75 -1312.72
161 2589.01 -1316.52
162 2463.91 -1263.59
163 2528.04 -1304.22
164 2454.42 -1254.11
165 2442.42 -1284.13
166 2568.56 -1322.02
167 2431.72 -1260.4
168 2461.54 -1280.07
169 2380.17 -1274.39
170 2381.99 -1288.85
171 2251.11 -963.519
172 2317.82 -1259.81
173 2366.68 -1323.5
174 2381.69 -1291.08
175 2336.44 -1307.01
176 2261.64 -1306.39
177 2382.01 -1349.94
178 2299.19 -1392.27
179 2362.49 -1321.34
180 2329.02 -1307.98
181 2248.73 -1310.84
182 2223.03 -1340.81
183 2163.75 -1277.61
184 2281.54 -1355.83
185 2208.89 -1316.17
186 2263.31 -1304.17
187 2062.19 -1370.78
188 2232.33 -1347.19
189 2154.4 -1359.25
190 2182.13 -1360.6
191 2109.2 -1332.64
192 2171.11 -1338.49
193 2104.94 -1368.97
194 2090.31 -1311.93
195 1930.8 -1279.78
196 2005.69 -1334.24
197 2079.16 -1379.74
198 2059.3 -1376.47
199 2022.91 -1292.66
200 2014.55 -1324.13
201 2037.64 -1402.24
202 2121.27 -1412.74
203 1933.2 -1340.03
204 2032.51 -1384.56
205 1988.16 -1373.3
206 2052.3 -1413.34
207 2007.94 -1544.43
208 2015.33 -1404.08
209 2026 -1357.57
210 2041.17 -1393.18
211 1931.07 -1386.15
212 2017.58 -1406.61
213 1942.92 -1387.46
214 1909.84 -1414.24
215 1912.47 -1391.12
216 1910.46 -1367.93
217 1971.96 -1402.69
218 1937.43 -1379.92
219 1807.97 -1389.46
220 1833.86 -1396.24
221 1829.67 -1410.21
222 1884.59 -1372.25
223 1784.57 -1371.28
224 1837.79 -1366.12
225 1812.19 -1409.97
226 1819.64 -1411.3
227 1852.72 -1412.56
228 1869.42 -1471.94
229 1788.36 -1435.07
230 1720.28 -1371.09
231 1764.11 -1441.84
232 1788.97 -1431.37
233 1747.94 -1416.37
234 1683.86 -1406.95
235 1676.74 -1400.72
236 1734.53 -1431.6
237 1690.91 -1416.99
238 1756.87 -1425.57
239 1685.15 -1350.06
240 1704.25 -1439.55
241 1678.15 -1093.99
242 1667.13 -1451.78
243 1600.65 -1397.6
244 1610.28 -1426.2
245 1700.34 -1506.71
246 1664.57 -1585.37
247 1725.01 -1484.64
248 1649.69 -1471.74
249 1613.09 -1454.71
250 1700.85 -1492.77
251 1660.74 -1480.84
252 1643.49 -1486.22
253 1558.21 -1431.75
254 1601.18 -1500.93
255 1610.04 -1522.96
256 1636.83 -1481.5
257 1534.1 -1427.77
258 1537.15 -1457.4
259 1621.5 -1488.88
260 1549.16 -1564.69
261 1532.82 -1493.22
262 1511.45 -1481.26
263 1509.86 -1424.78
264 1545.56 -1450.42
265 1472.35 -1369.07
266 1480.78 -1475.37
267 1514.56 -1499.49
268 1531.99 -1510.37
269 1566.68 -1514.87
270 1523.07 -1462.49
271 1483.89 -1491.86
272 1556.97 -1530.87
273 1463.79 -1511.34
274 1478.76 -1511.68
275 1410.68 -1509.26
276 1451.84 -1494.51
277 1492.87 -1513.94
278 1355.41 -1472.35
279 1437.01 -1535.16
280 1418.68 -1500.7
281 1455.16 -1525.06
282 1459.37 -1521.21
283 1342.49 -1453.28
284 1409.75 -1527.89
285 1369.99 -1505.1
286 1379.94 -1485.53
287 1398.03 -1502.04
288 1351.7 -1529.68
289 1348.86 -1516.02
290 1359.43 -1511.16
291 1344.68 -1571.35
292 1402.69 -1529.43
293.001 1434.08 -1591.9
294.001 1411.51 -1526.5
295.001 1251.75 -1542.81
296.001 1340.35 -1591.61
297.001 1262.03 -1490.97
298.001 1291.21 -1445.63
299.001 1384.13 -1569.12
300.001 1288.24 -1495.77
301.001 1363.5 -1640.81
302.001 1292.19 -1510.09
303.001 1297.61 -1541.39
304.001 1319.13 -1545.27
305.001 1319.37 -1524.55
306.001 1313.43 -1512.5
307.001 1282.6 -1530.71
308.001 1234.42 -1532.83
309.001 1334.53 -1547.05
310.001 1299.51 -1564.99
311.001 1249.18 -1517.85
312.001 1226.65 -1808.62
313.001 1275.84 -1530.53
314.001 1252.08 -1548.48
315.001 1201.42 -1513.37
316.001 1261.43 -2092.61
317.001 1169.76 -1642.4
318.001 1348.18 -1612.78
319.001 1180.75 -1576.31
320.001 1242.84 -1586.84
321.001 1263.71 -1582.82
322.001 1237.29 -1551.38
323.001 1219.39 -1547.47
324.001 1250.11 -1560.32
325.001 1205.22 -1538.74
326.001 1128.62 -1555.86
327.001 1124.69 -1517.41
328.001 1126.84 -1549.18
329.001 1199.97 -1563.12
330.001 1165.75 -1566.41
331.001 1170.28 -1570.11
332.001 1109.86 -1612.44
333.001 1202.94 -1562.2
334.001 1126.5 -1562.18
335.001 1110.51 -1726.78
336.001 1164.27 -1580.55
337.001 1101.35 -1553.99
338.001 1126.14 -1598.62
339.001 1103.47 -1611.18
340.001 1150.23 -1557.28
341.001 1179.09 -1593.45
342.001 1073.82 -1553.96
343.001 1169.47 -1598.95
344.001 1132.94 -1626.49
345.001 1070.42 -1548.96
346.001 1074.36 -1266.85
347.001 1115.98 -1580.63
348.001 1114.9 -1559.95
349.001 1031.4 -1632.76
350.001 1033.03 -1645.84
351.001 1079.77 -1798.24
352.001 1099.2 -1713.99
353.001 1060.11 -1601.06
354.001 1082.99 -1591.81
355.001 1110.71 -1645.97
356.001 1105.38 -1680.51
357.001 983.978 -1773.42
358.001 1017.31 -1557.11
359.001 1017.94 -1585.51
360.001 1010.07 -1736.67
361.001 1042.41 -1597.88
362.001 971.162 -1538.58
363.001 1010.56 -1554.51
364.001 1004.75 -1604.79
365.001 1097.41 -1648.58
366.001 1026.28 -2070.49
367.001 1033.39 -1568.48
368.001 1042.01 -1604.59
369.001 1034.65 -1605.25
370.001 1027.54 -1642.88
371.001 971.717 -1593.53
372.001 1016.84 -1580.87
373.001 1033.04 -1642.81
374.001 1022.6 -1791.64
375.001 971.444 -1630.77
376.001 1017.26 -1638.2
377.001 954.602 -1645.16
378.001 940.631 -1616.05
379.001 958.515 -1595.57
380.001 954.143 -1606.27
381.001 926.307 -1592.98
382.001 943.347 -1591.37
383.001 973.294 -1669.17
384.001 986.324 -1631.52
385.001 984.793 -1635.38
386.001 974.53 -1625.92
387.001 974.277 -1597.18
388.001 961.282 -1651.64
389.001 987.755 -1629.63
390.001 928.589 -1615.51
391.001 920.994 -1607.24
392.001 945.605 -1616.03
393.001 953.722 -1611.63
394.001 927.108 -1630.36
395.001 891.134 -1621.16
396.001 844.168 -1593.63
397.001 939.799 -1636.31
398.001 944.045 -1634.56
399.001 923.699 -1751.3
400.001 926.777 -1648.08
401.001 880.565 -1578.78
402.001 886.046 -1630.14
403.001 929.881 -1635.73
404.001 904.361 -1611.99
405.001 907.115 -1673.56
406.001 911.366 -1655.34
407.001 924.327 -1632.6
408.001 902.015 -1659.48
409.001 857.297 -1640.42
410.001 847.743 -1662.13
411.001 828.143 -1447.96
412.001 816.722 -1715.51
413.001 927.901 -1633.91
414.001 842.333 -1755.44
415.001 887.074 -1681.15
416.001 886.979 -1636.15
417.001 819.266 -1625.54
418.001 820.201 -1632.08
419.001 859.628 -1656.1
420.001 875.497 -1653.27
421.001 851.134 -1649.57
422.001 822.671 -1641.44
423.001 809.402 -1619.74
424.001 845.898 -1643.94
425.001 873.944 -1674.21
426.001 834.52 -1683.25
427.001 814.756 -1669.13
428.001 834.931 -1659.67
429.001 817.786 -1647.97
430.001 812.687 -1653.78
431.001 804.44 -1678.22
432.001 839.541 -1670.75
433.001 870.028 -1679.1
434.001 832.662 -1703.96
435.001 746.343 -1614.23
436.001 820.808 -1655.72
437.001 770.454 -1656.82
438.001 765.429 -1645.37
439.001 782.348 -1660.43
440.001 827.238 -1717.83
441.001 792.929 -1652.82
442.001 782.892 -1668.15
443.001 806.964 -1779.33
444.001 817.861 -1748.09
445.001 817.401 -1700.14
446.001 759.842 -1639.36
447.001 768.286 -1710.28
448.001 729.437 -1635.7
449.001 767.316 -1678.83
450.001 777.095 -1682.72
451.001 719.872 -1850.09
452.001 760.401 -1721.31
453.001 818.502 -1666.94
454.001 780 -1664.91
455.001 746.739 -1652.95
456.001 738.394 -1660.55
457.001 712.379 -1656.56
458.001 712.88 -1617.1
459.001 745.082 -1760.28
460.001 714.238 -1661.17
461.001 717.393 -1683.43
462.001 722.021 -1660.32
463.001 795.089 -1664.68
464.001 727.742 -1686.63
465.001 685.259 -1677.12
466.001 683.699 -1678.23
467.001 755.733 -1675.11
468.001 687.381 -1692.43
469.001 731.485 -1612.23
470.001 683.212 -1684.38
471.001 772.407 -1830.95
472.001 688.231 -1669.08
473.001 686.117 -1717.02
474.001 725.442 -1694.41
475.001 650.702 -1662.5
476.001 751.642 -1707.31
477.001 717.244 -1661.4
478.001 698.636 -1709.36
479.001 647.845 -1711.35
480.001 672.837 -1722.84
481.001 691.49 -1893.96
482.001 702.491 -1709.92
483.001 665.817 -1669.68
484.001 682.411 -1681.11
485.001 687.236 -1710.44
486.001 672.688 -1693.41
487.001 696.767 -1679.93
488.001 671.44 -1697.58
489.001 727.161 -1709.89
490.001 717.889 -1666.09
491.001 701.827 -1693.51
492.001 663.308 -1659.31
493.001 713.107 -1746.39
494.001 654.562 -1681.44
495.001 646.636 -1809.19
496.001 641.251 -1680.22
497.001 646.295 -1691.3
498.001 680.134 -1707.1
499.001 640.5 -1692.35
500.001 643.611 -1711.8
501.001 639.684 -1674.56
502.001 638.183 -1684.48
503.001 639.154 -1697.74
504.001 652.966 -1810.73
505.001 643.26 -1702.19
506.001 647.787 -1728.5
507.001 640.154 -1710.25
508.001 646.752 -1700.13
509.001 655.078 -1713.32
510.001 638.843 -1728.96
511.001 633.329 -1729.83
512.001 613.363 -1716.92
513.001 620.435 -1692.45
514.001 632.027 -1727.3
515.001 625.848 -1693.53
516.001 664.781 -1680.02
517.001 650.515 -1709.09
518.001 640.608 -1637.94
519.001 610.521 -1709.22
520.001 615.894 -1708.84
521.001 604.455 -1693.44
522.001 641.197 -1555.26
523.001 611.868 -1750.81
524.001 603.738 -1693.73
525.001 639.273 -1684.38
526.001 616.303 -1703.2
527.001 634.8 -1694.77
528.001 614.033 -1723.34
529.001 620.991 -1707.69
530.001 591.225 -1737.54
531.001 631.824 -1733.83
532.001 603.393 -1734.58
533.001 613.869 -1744.16
534.001 632.775 -1709.93
535.001 651.065 -1693.38
536.001 586.848 -1723.84
537.001 604.885 -1704.72
538.001 585.438 -1717.75
539.001 619.042 -1722.64
540.001 584.653 -1697.5
541.001 608.823 -1731.74
542.001 592.524 -1767.7
543.001 574.43 -1707.53
544.001 592.234 -1721.72
545.001 591.029 -1733.4
546.001 594.515 -1725.2
547.001 577.169 -1701.68
548.001 594.467 -1719.17
549.001 599.738 -1732.01
550.001 592.64 -548.547
551.001 554.994 -1688.95
552.001 588.662 -1693.96
553.001 578.215 -1723.66
554.001 585.817 -1762.48
555.001 560.583 -1728.25
556.001 580.937 -1757.85
557.001 571.438 -1724.79
558.001 552.309 -1726.85
559.001 561.725 -1717.47
560.001 579.324 -1755.94
561.001 543.377 -1691.2
562.001 527.77 -1695.51
563.001 596.567 -1763.23
564.001 532.993 -1717.98
565.001 543.225 -1718.31
566.001 582.199 -1755.28
567.001 557.414 -1749.77
568.001 567.052 -1897.42
569.001 526.576 -1738.09
570.001 561.513 -1729.42
571.001 580.597 -1737.07
572.001 567.305 -1731.29
573.001 585.311 -1738.3
574.001 576.165 -1745.63
575.001 518.798 -1740.19
576.001 527.953 -1726.58
577.001 488.92 -1719.47
578.001 538.01 -1751.43
579.001 510.093 -1709.72
580.001 547.11 -1729.52
581.001 538.412 -1715.13
582.001 565.818 -1720.59
583.001 532.422 -1728.81
584.001 540.389 -1820.86
585.001 503.098 -1755.51
586.001 490.262 -1736.79
587.001 534.993 -1786.17
588.001 525.649 -1736.87
589.001 529.928 -1773.61
590.001 528.714 -1704.5
591.001 522.6 -1765.43
592.001 512.407 -1732.52
593.001 552.292 -1869.17
594.001 517.551 -1831.84
595.001 524.624 -1730.49
596.001 546.241 -1668.59
597.001 518.381 -1732.85
598.001 548.376 -1764.27
599.001 554.725 -1766.75
600.001 512.88 -1743.09
601.001 515.067 -1775.03
602.001 537.695 -1804.2
603.001 517.297 -1733.45
604.001 515.837 -1780.6
605.001 504.053 -1766.42
606.001 483.494 -1745.31
607.001 529.184 -1779.59
608.001 478.366 -1732.46
609.001 526.086 -1783.21
610.001 507.771 -1936.45
611.001 482.97 -1932.32
612.001 464.251 -1782.79
613.001 477.338 -1726.78
614.001 525.178 -1753.88
615.001 501.234 -1738.41
616.001 531.528 -1771.21
617.001 508.132 -1774.8
618.001 488.084 -1952.07
619.001 535.209 -1848.61
620.001 515.857 -1697.66
621.001 510.769 -1774.79
622.001 475.733 -1783.91
623.001 525.395 -1766.27
624.001 503.482 -1734.02
625.001 523.941 -1780.83
626.001 475.734 -1771.88
627.001 510.497 -1837.74
628.001 491.065 -1752.3
629.001 493.396 -1709.7
630.001 506.796 -1751.63
631.001 503.182 -1737.1
632.001 498.689 -1904.99
633.001 485.31 -1757.3
634.001 481.411 -1771.2
635.001 494.527 -1736.11
636.001 467.065 -1739.35
637.001 500.29 -1819.85
638.001 463.045 -1737.3
639.001 500.696 -1773.9
640.001 519.121 -1750.25
641.001 506.719 -1789.65
642.001 455.44 -1730.43
643.001 494.869 -1772.38
644.001 476.929 -1747.04
645.001 483.002 -1393.28
646.001 463.465 -1928.55
647.001 451.07 -1802.92
648.001 473.636 -1903.74
649.001 489.251 -1760.5
650.001 472.998 -1756.64
651.001 505.869 -1780.78
652.001 478.838 -1755.55
653.001 485.752 -1772.39
654.001 474.45 -1771.97
655.001 474.326 -1785.05
656.001 474.915 -1759.25
657.001 435.189 -1764.89
658.001 468.395 -1936.73
659.001 441.555 -1778.22
660.001 477.045 -1771.15
661.001 459.895 -1741.45
662.001 462.85 -1754.21
663.001 444.563 -1856.68
664.001 449.057 -1737.68
665.001 460.261 -1769.14
666.001 443.009 -1786.21
667.001 417.036 -1759.5
668.001 463.352 -1762.97
669.001 449.745 -1726.24
670.001 463.693 -1812.89
671.001 431.823 -1762.62
672.001 465.738 -1753.33
673.001 445.728 -1753.6
674.001 428.051 -1783.8
675.001 484.372 -1781.55
676.001 442.394 -1800.38
677.001 462.337 -1897.43
678.001 465.248 -1741.24
679.001 422.124 -1772.04
680.001 419.803 -1743.34
681.001 432.434 -1886.11
682.001 414.971 -1765.48
683.001 431.697 -1772.09
684.001 475.875 -1806.11
685.001 440.489 -2237.91
686.001 414.21 -1766.46
687.001 443.535 -1850.67
688.001 444.968 -1779.84
689.001 464.402 -1767.91
690.001 445.386 -1796.39
691.001 444.392 -1770.15
