0 23.4229
1 13.6008
2.001 14.3688
3.001 13.9584
4.001 14.0181
5 13.3334
6 13.8518
7 14.0817
8 13.1596
9 13.4534
10.001 13.7187
11.001 13.1538
12.001 13.0937
13.001 13.4927
14.001 12.9946
15.001 13.9083
16.001 12.9559
17.001 13.0445
18.001 12.9199
19 13.1879
20 12.8564
21 13.2111
22 12.8785
23 12.4597
24 12.896
25 12.9852
26 12.9657
27 12.3312
28 12.6677
29 12.8244
30 12.4254
31 12.3293
32 12.3945
33 11.9484
34 12.1997
35 12.311
36 11.8504
37 11.8815
38 11.7629
39.001 11.3238
40.001 12.0047
41.001 11.5425
42.001 11.4851
43.001 11.6175
44.001 11.4526
45.001 11.5426
46.001 11.7104
47.001 11.257
48.001 11.168
49.001 11.24
50.001 10.8164
51.001 11.8233
52.001 10.8378
53.001 11.056
54.001 11.1156
55.001 11.5162
56.001 10.9534
57.001 10.7986
58.001 10.9222
59.001 10.4679
60.001 9.63264
61.001 10.8329
62.001 10.486
63.001 10.3223
64.001 10.2868
65.001 10.3971
66.001 10.1946
67.001 9.91534
68.001 10.3344
69.001 10.0747
70.001 10.495
71.001 10.1619
72.001 10.2185
73.001 10.423
74.001 10.1137
75.001 9.93964
76.001 9.40428
77 9.78969
78 9.40361
79 9.47413
80 9.98025
81 9.93591
82 9.68227
83 9.42442
84 9.67187
85 9.19198
86 8.89532
87 9.17758
88 9.02668
89 8.91153
90 9.21592
91 8.84495
92 8.44748
93 8.70723
94 8.91816
95 8.88873
96 8.99962
97 8.70137
98 8.84788
99 8.69629
100 8.95842
101 8.59351
102 8.39986
103 8.17731
104 8.14394
105 8.70264
106 8.16675
107 8.07782
108 8.22304
109 8.64385
110 8.325
111 8.54508
112 8.02501
113 8.56849
114 8.08027
115 7.93321
116 7.91287
117 7.8938
118 7.85574
119 7.78339
120 7.87665
121 8.30957
122 7.87689
123 7.6567
124 7.57779
125 7.8113
126 7.78046
127 7.38993
128 7.78479
129 7.5162
130 7.90899
131 7.60272
132 7.70764
133 7.49694
134 7.1771
135 7.73213
136 7.43634
137 7.18155
138 7.35177
139 7.26025
140 7.1965
141 6.98899
142 7.04631
143 7.24306
144 7.1783
145 7.05645
146 7.06509
147 6.92041
148 7.14473
149 7.21249
150 6.80469
151 6.91912
152 7.01921
153 6.23782
154 6.7511
155 6.51766
156 6.7746
157 6.44966
158 6.46491
159 6.50822
160 6.72071
161 6.7422
162 6.41644
163 6.58345
164 6.39172
165 6.36046
166 6.68897
167 6.3326
168 6.41027
169 6.19836
170 6.20309
171 5.86227
172 6.03599
173 6.16322
174 6.20232
175 6.08448
176 5.8897
177 6.20314
178 5.98747
179 6.15232
180 6.06516
181 5.85606
182 5.78915
183 5.63476
184 5.94151
185 5.75231
186 5.89404
187 5.37028
188 5.81335
189 5.61041
190 5.68264
191 5.4927
192 5.65392
193 5.48162
194 5.44351
195 5.02812
196 5.22315
197 5.41449
198 5.36277
199 5.268
200 5.24623
201 5.30634
202 5.52414
203 5.03437
204 5.293
205 5.17751
206 5.34454
207 5.22901
208 5.24826
209 5.27604
210 5.31554
211 5.02884
212 5.25413
213 5.05968
214 4.97354
215 4.9804
216 4.97516
217 5.13533
218 5.04538
219 4.70825
220 4.77567
221 4.76478
222 4.9078
223 4.64731
224 4.78591
225 4.71925
226 4.73866
227 4.82479
228 4.86827
229 4.65718
230 4.47989
231 4.59404
232 4.65877
233 4.55193
234 4.38505
235 4.36651
236 4.51701
237 4.40341
238 4.57518
239 4.38841
240 4.43815
241 4.37017
242 4.34149
243 4.16837
244 4.19343
245 4.42797
246 4.33482
247 4.49221
248 4.29606
249 4.20075
250 4.4293
251 4.32484
252 4.27993
253 4.05784
254 4.16975
255 4.19282
256 4.26258
257 3.99506
258 4.003
259 4.22266
260 4.03428
261 3.99171
262 3.93606
263 3.93193
264 4.02488
265 3.83425
266 3.85619
267 3.94417
268 3.98957
269 4.0799
270 3.96632
271 3.8643
272 4.05462
273 3.81195
274 3.85093
275 3.67366
276 3.78084
277 3.88768
278 3.52971
279 3.74221
280 3.69448
281 3.78947
282 3.80045
283 3.49606
284 3.67122
285 3.56767
286 3.59359
287 3.64071
288 3.52006
289 3.51265
290 3.54017
291 3.50177
292 3.65285
293.001 3.73457
294.001 3.6758
295.001 3.25978
296.001 3.49048
297.001 3.28654
298.001 3.36254
299.001 3.6045
300.001 3.35478
301.001 3.55079
302.001 3.36508
303.001 3.3792
304.001 3.43524
305.001 3.43585
306.001 3.42038
307.001 3.3401
308.001 3.21463
309.001 3.47534
310.001 3.38414
311.001 3.25307
312.001 3.19439
313.001 3.32249
314.001 3.26062
315.001 3.12869
316.001 3.28496
317.001 3.04625
318.001 3.5109
319.001 3.07486
320.001 3.23657
321.001 3.2909
322.001 3.22212
323.001 3.17549
324.001 3.2555
325.001 3.13859
326.001 2.93911
327.001 2.92889
328.001 2.93448
329.001 3.12493
330.001 3.0358
331.001 3.04761
332.001 2.89026
333.001 3.13266
334.001 2.93359
335.001 2.89196
336.001 3.03195
337.001 2.8681
338.001 2.93266
339.001 2.87361
340.001 2.99538
341.001 3.07056
342.001 2.7964
343.001 3.0455
344.001 2.95036
345.001 2.78756
346.001 2.79781
347.001 2.90619
348.001 2.90338
349.001 2.68593
350.001 2.69018
351.001 2.8119
352.001 2.86249
353.001 2.76071
354.001 2.82028
355.001 2.89247
356.001 2.8786
357.001 2.56244
358.001 2.64924
359.001 2.65089
360.001 2.63038
361.001 2.71461
362.001 2.52907
363.001 2.63167
364.001 2.61653
365.001 2.85783
366.001 2.67261
367.001 2.69111
368.001 2.71358
369.001 2.69439
370.001 2.67587
371.001 2.53051
372.001 2.64803
373.001 2.6902
374.001 2.66301
375.001 2.5298
376.001 2.64911
377.001 2.48594
378.001 2.44956
379.001 2.49613
380.001 2.48475
381.001 2.41226
382.001 2.45663
383.001 2.53462
384.001 2.56855
385.001 2.56457
386.001 2.53784
387.001 2.53718
388.001 2.50334
389.001 2.57228
390.001 2.4182
391.001 2.39842
392.001 2.46251
393.001 2.48365
394.001 2.41434
395.001 2.32066
396.001 2.19835
397.001 2.44739
398.001 2.45845
399.001 2.40547
400.001 2.41348
401.001 2.29314
402.001 2.30741
403.001 2.42157
404.001 2.35511
405.001 2.36228
406.001 2.37335
407.001 2.4071
408.001 2.349
409.001 2.23255
410.001 2.20766
411.001 2.15662
412.001 2.12688
413.001 2.41641
414.001 2.19358
415.001 2.31009
416.001 2.30984
417.001 2.1335
418.001 2.13594
419.001 2.23862
420.001 2.27994
421.001 2.21649
422.001 2.14237
423.001 2.10782
424.001 2.20286
425.001 2.2759
426.001 2.17323
427.001 2.12176
428.001 2.1743
429.001 2.12965
430.001 2.11637
431.001 2.0949
432.001 2.1863
433.001 2.2657
434.001 2.16839
435.001 1.9436
436.001 2.13752
437.001 2.00639
438.001 1.99331
439.001 2.03737
440.001 2.15426
441.001 2.06492
442.001 2.03878
443.001 2.10147
444.001 2.12985
445.001 2.12865
446.001 1.97875
447.001 2.00074
448.001 1.89958
449.001 1.99822
450.001 2.02369
451.001 1.87467
452.001 1.98021
453.001 2.13151
454.001 2.03125
455.001 1.94463
456.001 1.9229
457.001 1.85515
458.001 1.85646
459.001 1.94032
460.001 1.85999
461.001 1.86821
462.001 1.88026
463.001 2.07054
464.001 1.89516
465.001 1.78453
466.001 1.78047
467.001 1.96806
468.001 1.79005
469.001 1.90491
470.001 1.7792
471.001 2.01148
472.001 1.79227
473.001 1.78676
474.001 1.88917
475.001 1.69454
476.001 1.9574
477.001 1.86782
478.001 1.81937
479.001 1.6871
480.001 1.75218
481.001 1.80075
482.001 1.8294
483.001 1.7339
484.001 1.77711
485.001 1.78968
486.001 1.75179
487.001 1.8145
488.001 1.74854
489.001 1.89365
490.001 1.8695
491.001 1.82768
492.001 1.72736
493.001 1.85705
494.001 1.70459
495.001 1.68395
496.001 1.66992
497.001 1.68306
498.001 1.77118
499.001 1.66797
500.001 1.67607
501.001 1.66584
502.001 1.66193
503.001 1.66446
504.001 1.70043
505.001 1.67516
506.001 1.68694
507.001 1.66707
508.001 1.68425
509.001 1.70593
510.001 1.66365
511.001 1.64929
512.001 1.5973
513.001 1.61572
514.001 1.6459
515.001 1.62981
516.001 1.7312
517.001 1.69405
518.001 1.66825
519.001 1.5899
520.001 1.60389
521.001 1.5741
522.001 1.66978
523.001 1.59341
524.001 1.57224
525.001 1.66477
526.001 1.60495
527.001 1.65313
528.001 1.59904
529.001 1.61717
530.001 1.53965
531.001 1.64538
532.001 1.57134
533.001 1.59862
534.001 1.64785
535.001 1.69548
536.001 1.52825
537.001 1.57522
538.001 1.52458
539.001 1.61209
540.001 1.52253
541.001 1.58548
542.001 1.54303
543.001 1.49591
544.001 1.54228
545.001 1.53914
546.001 1.54822
547.001 1.50305
548.001 1.54809
549.001 1.56182
550.001 1.54333
551.001 1.4453
552.001 1.53297
553.001 1.50577
554.001 1.52556
555.001 1.45985
556.001 1.51286
557.001 1.48812
558.001 1.4383
559.001 1.46283
560.001 1.50866
561.001 1.41504
562.001 1.3744
563.001 1.55356
564.001 1.388
565.001 1.41465
566.001 1.51614
567.001 1.4516
568.001 1.4767
569.001 1.37129
570.001 1.46227
571.001 1.51197
572.001 1.47736
573.001 1.52425
574.001 1.50043
575.001 1.35104
576.001 1.37488
577.001 1.27323
578.001 1.40107
579.001 1.32837
580.001 1.42477
581.001 1.40211
582.001 1.47348
583.001 1.38652
584.001 1.40726
585.001 1.31015
586.001 1.27673
587.001 1.39321
588.001 1.36888
589.001 1.38002
590.001 1.37686
591.001 1.36094
592.001 1.33439
593.001 1.43826
594.001 1.34779
595.001 1.36621
596.001 1.4225
597.001 1.34995
598.001 1.42806
599.001 1.4446
600.001 1.33562
601.001 1.34132
602.001 1.40025
603.001 1.34713
604.001 1.34333
605.001 1.31264
606.001 1.2591
607.001 1.37808
608.001 1.24575
609.001 1.37001
610.001 1.32232
611.001 1.25773
612.001 1.20899
613.001 1.24307
614.001 1.36765
615.001 1.3053
616.001 1.38419
617.001 1.32326
618.001 1.27105
619.001 1.39377
620.001 1.34338
621.001 1.33013
622.001 1.23889
623.001 1.36822
624.001 1.31115
625.001 1.36443
626.001 1.23889
627.001 1.32942
628.001 1.27881
629.001 1.28489
630.001 1.31978
631.001 1.31037
632.001 1.29867
633.001 1.26383
634.001 1.25368
635.001 1.28783
636.001 1.21631
637.001 1.30284
638.001 1.20585
639.001 1.3039
640.001 1.35188
641.001 1.31958
642.001 1.18604
643.001 1.28872
644.001 1.242
645.001 1.25782
646.001 1.20694
647.001 1.17466
648.001 1.23343
649.001 1.27409
650.001 1.23176
651.001 1.31737
652.001 1.24698
653.001 1.26498
654.001 1.23555
655.001 1.23522
656.001 1.23676
657.001 1.1333
658.001 1.21978
659.001 1.14988
660.001 1.2423
661.001 1.19764
662.001 1.20534
663.001 1.15772
664.001 1.16942
665.001 1.1986
666.001 1.15367
667.001 1.08603
668.001 1.20665
669.001 1.17121
670.001 1.20753
671.001 1.12454
672.001 1.21286
673.001 1.16075
674.001 1.11472
675.001 1.26138
676.001 1.15207
677.001 1.204
678.001 1.21158
679.001 1.09928
680.001 1.09324
681.001 1.12613
682.001 1.08065
683.001 1.12421
684.001 1.23926
685.001 1.14711
686.001 1.07867
687.001 1.15504
688.001 1.15877
689.001 1.20938
690.001 1.15986
691.001 1.15727
