0 0 0 0 0
1 0 0.854988 0.854988 0
2 0 0 0.854988 0.854988
3 0 0.854988 0 0.854988
4 0 0 0 1.70998
5 0 0.854988 0.854988 1.70998
6 0 0 0.854988 2.56496
7 0 0.854988 0 2.56496
8 0 0 0 3.41995
9 0 0.854988 0.854988 3.41995
10 0 0 0.854988 4.27494
11 0 0.854988 0 4.27494
12 0 0 0 5.12993
13 0 0.854988 0.854988 5.12993
14 0 0 0.854988 5.98492
15 0 0.854988 0 5.98492
16 0 0 1.70998 0
17 0 0.854988 2.56496 0
18 0 0 2.56496 0.854988
19 0 0.854988 1.70998 0.854988
20 0 0 1.70998 1.70998
21 0 0.854988 2.56496 1.70998
22 0 0 2.56496 2.56496
23 0 0.854988 1.70998 2.56496
24 0 0 1.70998 3.41995
25 0 0.854988 2.56496 3.41995
26 0 0 2.56496 4.27494
27 0 0.854988 1.70998 4.27494
28 0 0 1.70998 5.12993
29 0 0.854988 2.56496 5.12993
30 0 0 2.56496 5.98492
31 0 0.854988 1.70998 5.98492
32 0 0 3.41995 0
33 0 0.854988 4.27494 0
34 0 0 4.27494 0.854988
35 0 0.854988 3.41995 0.854988
36 0 0 3.41995 1.70998
37 0 0.854988 4.27494 1.70998
38 0 0 4.27494 2.56496
39 0 0.854988 3.41995 2.56496
40 0 0 3.41995 3.41995
41 0 0.854988 4.27494 3.41995
42 0 0 4.27494 4.27494
43 0 0.854988 3.41995 4.27494
44 0 0 3.41995 5.12993
45 0 0.854988 4.27494 5.12993
46 0 0 4.27494 5.98492
47 0 0.854988 3.41995 5.98492
48 0 0 5.12993 0
49 0 0.854988 5.98492 0
50 0 0 5.98492 0.854988
51 0 0.854988 5.12993 0.854988
52 0 0 5.12993 1.70998
53 0 0.854988 5.98492 1.70998
54 0 0 5.98492 2.56496
55 0 0.854988 5.12993 2.56496
56 0 0 5.12993 3.41995
57 0 0.854988 5.98492 3.41995
58 0 0 5.98492 4.27494
59 0 0.854988 5.12993 4.27494
60 0 0 5.12993 5.12993
61 0 0.854988 5.98492 5.12993
62 0 0 5.98492 5.98492
63 0 0.854988 5.12993 5.98492
64 0 1.70998 0 0
65 0 2.56496 0.854988 0
66 0 1.70998 0.854988 0.854988
67 0 2.56496 0 0.854988
68 0 1.70998 0 1.70998
69 0 2.56496 0.854988 1.70998
70 0 1.70998 0.854988 2.56496
71 0 2.56496 0 2.56496
72 0 1.70998 0 3.41995
73 0 2.56496 0.854988 3.41995
74 0 1.70998 0.854988 4.27494
75 0 2.56496 0 4.27494
76 0 1.70998 0 5.12993
77 0 2.56496 0.854988 5.12993
78 0 1.70998 0.854988 5.98492
79 0 2.56496 0 5.98492
80 0 1.70998 1.70998 0
81 0 2.56496 2.56496 0
82 0 1.70998 2.56496 0.854988
83 0 2.56496 1.70998 0.854988
84 0 1.70998 1.70998 1.70998
85 0 2.56496 2.56496 1.70998
86 0 1.70998 2.56496 2.56496
87 0 2.56496 1.70998 2.56496
88 0 1.70998 1.70998 3.41995
89 0 2.56496 2.56496 3.41995
90 0 1.70998 2.56496 4.27494
91 0 2.56496 1.70998 4.27494
92 0 1.70998 1.70998 5.12993
93 0 2.56496 2.56496 5.12993
94 0 1.70998 2.56496 5.98492
95 0 2.56496 1.70998 5.98492
96 0 1.70998 3.41995 0
97 0 2.56496 4.27494 0
98 0 1.70998 4.27494 0.854988
99 0 2.56496 3.41995 0.854988
100 0 1.70998 3.41995 1.70998
101 0 2.56496 4.27494 1.70998
102 0 1.70998 4.27494 2.56496
103 0 2.56496 3.41995 2.56496
104 0 1.70998 3.41995 3.41995
105 0 2.56496 4.27494 3.41995
106 0 1.70998 4.27494 4.27494
107 0 2.56496 3.41995 4.27494
108 0 1.70998 3.41995 5.12993
109 0 2.56496 4.27494 5.12993
110 0 1.70998 4.27494 5.98492
111 0 2.56496 3.41995 5.98492
112 0 1.70998 5.12993 0
113 0 2.56496 5.98492 0
114 0 1.70998 5.98492 0.854988
115 0 2.56496 5.12993 0.854988
116 0 1.70998 5.12993 1.70998
117 0 2.56496 5.98492 1.70998
118 0 1.70998 5.98492 2.56496
119 0 2.56496 5.12993 2.56496
120 0 1.70998 5.12993 3.41995
121 0 2.56496 5.98492 3.41995
122 0 1.70998 5.98492 4.27494
123 0 2.56496 5.12993 4.27494
124 0 1.70998 5.12993 5.12993
125 0 2.56496 5.98492 5.12993
126 0 1.70998 5.98492 5.98492
127 0 2.56496 5.12993 5.98492
128 0 3.41995 0 0
129 0 4.27494 0.854988 0
130 0 3.41995 0.854988 0.854988
131 0 4.27494 0 0.854988
132 0 3.41995 0 1.70998
133 0 4.27494 0.854988 1.70998
134 0 3.41995 0.854988 2.56496
135 0 4.27494 0 2.56496
136 0 3.41995 0 3.41995
137 0 4.27494 0.854988 3.41995
138 0 3.41995 0.854988 4.27494
139 0 4.27494 0 4.27494
140 0 3.41995 0 5.12993
141 0 4.27494 0.854988 5.12993
142 0 3.41995 0.854988 5.98492
143 0 4.27494 0 5.98492
144 0 3.41995 1.70998 0
145 0 4.27494 2.56496 0
146 0 3.41995 2.56496 0.854988
147 0 4.27494 1.70998 0.854988
148 0 3.41995 1.70998 1.70998
149 0 4.27494 2.56496 1.70998
150 0 3.41995 2.56496 2.56496
151 0 4.27494 1.70998 2.56496
152 0 3.41995 1.70998 3.41995
153 0 4.27494 2.56496 3.41995
154 0 3.41995 2.56496 4.27494
155 0 4.27494 1.70998 4.27494
156 0 3.41995 1.70998 5.12993
157 0 4.27494 2.56496 5.12993
158 0 3.41995 2.56496 5.98492
159 0 4.27494 1.70998 5.98492
160 0 3.41995 3.41995 0
161 0 4.27494 4.27494 0
162 0 3.41995 4.27494 0.854988
163 0 4.27494 3.41995 0.854988
164 0 3.41995 3.41995 1.70998
165 0 4.27494 4.27494 1.70998
166 0 3.41995 4.27494 2.56496
167 0 4.27494 3.41995 2.56496
168 0 3.41995 3.41995 3.41995
169 0 4.27494 4.27494 3.41995
170 0 3.41995 4.27494 4.27494
171 0 4.27494 3.41995 4.27494
172 0 3.41995 3.41995 5.12993
173 0 4.27494 4.27494 5.12993
174 0 3.41995 4.27494 5.98492
175 0 4.27494 3.41995 5.98492
176 0 3.41995 5.12993 0
177 0 4.27494 5.98492 0
178 0 3.41995 5.98492 0.854988
179 0 4.27494 5.12993 0.854988
180 0 3.41995 5.12993 1.70998
181 0 4.27494 5.98492 1.70998
182 0 3.41995 5.98492 2.56496
183 0 4.27494 5.12993 2.56496
184 0 3.41995 5.12993 3.41995
185 0 4.27494 5.98492 3.41995
186 0 3.41995 5.98492 4.27494
187 0 4.27494 5.12993 4.27494
188 0 3.41995 5.12993 5.12993
189 0 4.27494 5.98492 5.12993
190 0 3.41995 5.98492 5.98492
191 0 4.27494 5.12993 5.98492
192 0 5.12993 0 0
193 0 5.98492 0.854988 0
194 0 5.12993 0.854988 0.854988
195 0 5.98492 0 0.854988
196 0 5.12993 0 1.70998
197 0 5.98492 0.854988 1.70998
198 0 5.12993 0.854988 2.56496
199 0 5.98492 0 2.56496
200 0 5.12993 0 3.41995
201 0 5.98492 0.854988 3.41995
202 0 5.12993 0.854988 4.27494
203 0 5.98492 0 4.27494
204 0 5.12993 0 5.12993
205 0 5.98492 0.854988 5.12993
206 0 5.12993 0.854988 5.98492
207 0 5.98492 0 5.98492
208 0 5.12993 1.70998 0
209 0 5.98492 2.56496 0
210 0 5.12993 2.56496 0.854988
211 0 5.98492 1.70998 0.854988
212 0 5.12993 1.70998 1.70998
213 0 5.98492 2.56496 1.70998
214 0 5.12993 2.56496 2.56496
215 0 5.98492 1.70998 2.56496
216 0 5.12993 1.70998 3.41995
217 0 5.98492 2.56496 3.41995
218 0 5.12993 2.56496 4.27494
219 0 5.98492 1.70998 4.27494
220 0 5.12993 1.70998 5.12993
221 0 5.98492 2.56496 5.12993
222 0 5.12993 2.56496 5.98492
223 0 5.98492 1.70998 5.98492
224 0 5.12993 3.41995 0
225 0 5.98492 4.27494 0
226 0 5.12993 4.27494 0.854988
227 0 5.98492 3.41995 0.854988
228 0 5.12993 3.41995 1.70998
229 0 5.98492 4.27494 1.70998
230 0 5.12993 4.27494 2.56496
231 0 5.98492 3.41995 2.56496
232 0 5.12993 3.41995 3.41995
233 0 5.98492 4.27494 3.41995
234 0 5.12993 4.27494 4.27494
235 0 5.98492 3.41995 4.27494
236 0 5.12993 3.41995 5.12993
237 0 5.98492 4.27494 5.12993
238 0 5.12993 4.27494 5.98492
239 0 5.98492 3.41995 5.98492
240 0 5.12993 5.12993 0
241 0 5.98492 5.98492 0
242 0 5.12993 5.98492 0.854988
243 0 5.98492 5.12993 0.854988
244 0 5.12993 5.12993 1.70998
245 0 5.98492 5.98492 1.70998
246 0 5.12993 5.98492 2.56496
247 0 5.98492 5.12993 2.56496
248 0 5.12993 5.12993 3.41995
249 0 5.98492 5.98492 3.41995
250 0 5.12993 5.98492 4.27494
251 0 5.98492 5.12993 4.27494
252 0 5.12993 5.12993 5.12993
253 0 5.98492 5.98492 5.12993
254 0 5.12993 5.98492 5.98492
255 0 5.98492 5.12993 5.98492
0 10.001 6.81897 0.389692 6.32002
1 10.001 0.758633 1.38233 6.42977
2 10.001 0.151792 1.24673 0.769846
3 10.001 0.631647 0.445141 0.374077
4 10.001 6.83467 0.356895 1.39049
5 10.001 0.704719 1.41774 1.66707
6 10.001 6.47371 1.49858 2.27855
7 10.001 0.616525 0.441913 2.33188
8 10.001 6.60548 0.590483 3.02219
9 10.001 0.518194 1.37284 2.98774
10 10.001 6.62365 1.39527 4.04906
11 10.001 0.886992 0.480127 3.94012
12 10.001 0.0882409 0.309495 4.77235
13 10.001 0.807286 1.37231 4.55516
14 10.001 6.66906 1.50431 5.5064
15 10.001 0.667372 0.848805 5.47869
16 10.001 0.0797146 2.21943 6.53906
17 10.001 0.798613 3.01754 6.77104
18 10.001 6.75946 3.0053 0.592298
19 10.001 0.763811 2.10425 0.77353
20 10.001 6.7013 2.31878 1.50847
21 10.001 0.76407 3.01513 1.41195
22 10.001 6.69889 3.07888 2.45249
23 10.001 0.721553 2.40013 2.23305
24 10.001 6.53941 2.23088 3.06242
25 10.001 0.590246 3.04492 3.14169
26 10.001 6.63698 3.02 3.98015
27 10.001 0.54206 2.20385 3.79144
28 10.001 6.79555 2.37001 4.93024
29 10.001 0.677719 3.06199 4.79577
30 10.001 6.79371 3.19781 5.59984
31 10.001 0.747008 2.11689 5.61612
32 10.001 0.134652 3.88491 6.37142
33 10.001 0.707978 4.77512 6.52706
34 10.001 6.60833 4.85785 0.455489
35 10.001 0.603205 3.91813 0.567771
36 10.001 6.70635 3.7293 1.51992
37 10.001 0.631027 4.77529 1.24279
38 10.001 6.78273 4.79755 2.1401
39 10.001 0.732806 4.04671 2.21408
40 10.001 6.69633 3.9008 3.23688
41 10.001 0.711622 4.60462 3.16102
42 10.001 6.72423 4.83965 4.01123
43 10.001 0.699107 3.88569 3.97806
44 10.001 6.74648 3.92827 4.78363
45 10.001 0.893022 4.89673 4.94949
46 10.001 6.78979 4.6618 5.50618
47 10.001 0.857602 3.96213 5.61808
48 10.001 6.75491 5.51819 6.39007
49 10.001 0.79737 6.41142 6.50682
50 10.001 6.676 6.3161 0.43288
51 10.001 0.611042 5.59419 0.590569
52 10.001 6.52729 5.54046 1.40054
53 10.001 0.530668 6.22395 1.42241
54 10.001 6.78113 6.46747 2.60624
55 10.001 0.738104 5.58593 2.35543
56 10.001 6.62339 5.4053 3.02332
57 10.001 0.902772 6.45228 3.15133
58 10.001 6.78703 6.23121 3.78044
59 10.001 0.748789 5.57287 3.79206
60 10.001 6.66301 5.55414 4.81601
61 10.001 0.921522 6.34353 4.77792
62 10.001 0.0903087 6.30795 5.54552
63 10.001 0.813205 5.51909 5.81141
64 10.001 1.76306 0.560047 6.77108
65 10.001 2.55134 1.3341 6.52396
66 10.001 1.39841 1.21437 0.859572
67 10.001 2.8845 0.252563 0.259498
68 10.001 1.14418 0.281996 1.37053
69 10.001 2.52794 1.1508 1.46168
70 10.001 1.686 1.27216 2.35249
71 10.001 2.41967 0.0678341 1.94419
72 10.001 1.5856 0.394123 2.97161
73 10.001 2.44127 1.36688 3.08787
74 10.001 1.69883 1.2805 4.03988
75 10.001 2.47094 0.441341 4.07736
76 10.001 1.777 0.493073 4.89278
77 10.001 2.45162 1.42944 4.73644
78 10.001 1.60857 1.32951 5.70923
79 10.001 2.54148 0.466321 5.8951
80 10.001 1.61272 2.08434 6.78763
81 10.001 2.63122 2.99946 6.79598
82 10.001 1.59891 2.92465 0.705293
83 10.001 2.40115 2.08869 0.721322
84 10.001 1.51582 2.04415 1.55302
85 10.001 2.3924 3.20841 1.3686
86 10.001 1.67963 3.06592 2.1418
87 10.001 2.35884 2.12895 2.25681
88 10.001 1.52593 2.14173 3.1321
89 10.001 2.31754 3.08838 3.09563
90 10.001 1.51936 3.06083 3.93563
91 10.001 2.55577 2.24188 3.90154
92 10.001 1.66776 2.23826 4.68705
93 10.001 2.32832 3.18022 4.79288
94 10.001 1.54827 3.04497 5.56739
95 10.001 2.2078 2.26374 5.81403
96 10.001 1.51864 3.85717 6.42542
97 10.001 2.59685 4.67624 6.42219
98 10.001 1.51562 4.86476 0.618798
99 10.001 2.16483 3.87351 0.608584
100 10.001 1.33807 3.90736 1.34174
101 10.001 2.10864 4.62137 1.43036
102 10.001 1.46522 4.8097 2.29204
103 10.001 2.37695 3.89934 2.37527
104 10.001 1.68216 3.93586 3.24903
105 10.001 2.54369 4.74073 3.21012
106 10.001 1.58247 4.77939 3.92105
107 10.001 2.33049 4.06759 4.04793
108 10.001 1.42746 3.82821 4.69115
109 10.001 2.59665 4.78261 4.90733
110 10.001 1.65623 4.84185 5.71874
111 10.001 2.24151 3.9014 5.6757
112 10.001 1.68312 5.5306 6.62421
113 10.001 2.53985 6.18896 6.64404
114 10.001 1.51505 6.23003 0.589131
115 10.001 2.58269 5.38532 0.488745
116 10.001 1.38565 5.59071 1.49483
117 10.001 2.42753 6.20098 1.08789
118 10.001 1.63484 6.12995 2.27596
119 10.001 2.45699 5.40781 2.13385
120 10.001 1.67314 5.55941 3.18526
121 10.001 2.55977 6.1762 3.01083
122 10.001 1.84773 6.41446 3.92219
123 10.001 2.52355 5.4309 4.06455
124 10.001 1.68441 5.62372 4.82307
125 10.001 2.60462 6.57801 4.93679
126 10.001 1.44657 0.103644 5.79414
127 10.001 2.62703 5.68142 5.70976
128 10.001 3.51126 0.714356 6.32517
129 10.001 4.24208 1.44998 6.48134
130 10.001 3.21727 1.39997 0.595798
131 10.001 4.18462 0.508554 0.517904
132 10.001 3.32008 0.354331 1.20035
133 10.001 4.25032 1.40779 1.36771
134 10.001 3.29752 1.39415 2.16936
135 10.001 4.15458 0.389192 2.3303
136 10.001 3.26609 0.548566 3.0171
137 10.001 4.28781 1.37937 2.94019
138 10.001 3.2482 1.32787 3.73662
139 10.001 4.05135 0.540573 3.94372
140 10.001 3.27487 0.557511 4.67546
141 10.001 3.93205 1.54223 4.73263
142 10.001 3.38694 1.54126 5.68948
143 10.001 4.16176 0.592857 5.3788
144 10.001 3.26534 2.17227 6.6003
145 10.001 4.10929 3.10893 6.59209
146 10.001 3.48054 3.16794 0.580236
147 10.001 4.31933 2.22879 0.433225
148 10.001 3.39345 2.22245 1.42756
149 10.001 4.38726 2.97987 1.47774
150 10.001 3.16043 3.05414 2.30042
151 10.001 4.2079 2.15024 2.1766
152 10.001 3.30989 2.28442 2.97864
153 10.001 4.0542 3.09056 3.16959
154 10.001 3.29877 3.00817 4.04096
155 10.001 4.02164 2.29953 3.9369
156 10.001 3.05372 2.3238 4.83648
157 10.001 4.14274 3.15075 4.86769
158 10.001 3.14738 3.01783 5.6978
159 10.001 4.13161 2.4015 5.77919
160 10.001 3.30932 3.83099 6.44182
161 10.001 4.16104 4.65677 6.54638
162 10.001 3.4453 4.75088 0.518375
163 10.001 4.2131 3.87446 0.537938
164 10.001 3.27156 3.93886 1.4721
165 10.001 4.27943 4.77803 1.31214
166 10.001 3.29812 4.5692 2.52465
167 10.001 4.10768 3.91263 2.15777
168 10.001 3.26214 3.81007 3.13692
169 10.001 4.1951 4.46018 3.06968
170 10.001 3.33754 4.66174 3.9123
171 10.001 4.17049 3.86115 3.94648
172 10.001 3.22792 3.82407 4.81407
173 10.001 4.13119 4.55213 4.74713
174 10.001 3.45226 4.71688 5.58298
175 10.001 4.2303 3.79163 5.71298
176 10.001 3.40625 5.49325 6.42102
177 10.001 4.08833 6.4941 6.65806
178 10.001 3.45791 6.17293 0.771854
179 10.001 4.46284 5.62091 0.608283
180 10.001 3.34547 5.36672 1.48384
181 10.001 4.37661 6.60544 1.44827
182 10.001 3.44619 6.36844 2.31838
183 10.001 4.16426 5.4887 2.19557
184 10.001 3.42455 5.56331 3.08648
185 10.001 4.11794 6.62673 3.19595
186 10.001 3.2649 6.24559 3.88332
187 10.001 4.18785 5.59381 3.84426
188 10.001 3.3335 5.55668 4.6647
189 10.001 4.03759 6.53035 4.64951
190 10.001 3.39904 6.51005 5.60641
191 10.001 4.04749 5.64926 5.662
192 10.001 4.81853 0.458545 6.42617
193 10.001 6.38903 1.31857 6.70766
194 10.001 4.9764 1.24966 0.502925
195 10.001 6.06476 0.450752 0.539265
196 10.001 5.1911 0.562946 1.45621
197 10.001 6.01136 1.33165 1.20897
198 10.001 5.27582 1.30682 2.15851
199 10.001 5.92577 0.218091 2.123
200 10.001 5.02229 0.397348 3.26243
201 10.001 5.78031 1.31635 3.04485
202 10.001 4.85584 1.26632 3.85338
203 10.001 6.17793 0.446181 3.99952
204 10.001 5.02702 0.348297 4.67836
205 10.001 5.65261 1.17447 4.7119
206 10.001 5.0866 1.31669 5.58525
207 10.001 5.8728 0.683057 5.8243
208 10.001 5.09145 2.34389 6.4989
209 10.001 5.91493 3.29528 6.51421
210 10.001 5.08195 3.08504 0.380744
211 10.001 5.98586 2.25259 0.313514
212 10.001 5.17113 2.18012 1.14593
213 10.001 5.94526 3.08544 1.29409
214 10.001 4.90099 3.09194 2.3982
215 10.001 5.73845 2.3656 2.17539
216 10.001 4.79033 2.30165 3.30333
217 10.001 5.7017 2.91737 3.17834
218 10.001 4.86907 3.118 3.97707
219 10.001 5.62893 2.15853 3.9769
220 10.001 4.9368 2.19729 4.85782
221 10.001 5.79928 2.92005 4.71534
222 10.001 5.04873 3.10238 5.63519
223 10.001 6.0708 2.46908 5.89529
224 10.001 5.04094 3.90804 6.44814
225 10.001 5.74228 4.79748 6.4949
226 10.001 5.07182 4.61294 0.539734
227 10.001 5.91111 3.97084 0.450363
228 10.001 5.18229 3.81151 1.50714
229 10.001 5.90616 4.60648 1.37334
230 10.001 4.90007 4.59021 2.31167
231 10.001 5.81096 3.81725 2.37195
232 10.001 5.04226 3.75907 3.14956
233 10.001 5.77982 4.72989 3.18987
234 10.001 5.03997 4.65021 3.96903
235 10.001 5.85326 3.75187 3.9795
236 10.001 5.06283 3.83039 4.83769
237 10.001 5.91752 4.60042 4.69787
238 10.001 4.84074 4.66464 5.60574
239 10.001 5.7691 3.94892 5.66765
240 10.001 5.02352 5.689 6.49622
241 10.001 5.87769 6.6522 6.5334
242 10.001 5.1032 6.68635 0.525464
243 10.001 5.74928 5.46426 0.548527
244 10.001 5.14391 5.43296 1.43252
245 10.001 5.83879 6.33827 1.1977
246 10.001 4.86671 6.46287 2.39303
247 10.001 5.81323 5.45717 2.34794
248 10.001 4.96767 5.40305 3.18379
249 10.001 5.83088 6.30882 3.11773
250 10.001 4.94139 6.26819 4.06127
251 10.001 5.82973 5.48789 3.8269
252 10.001 4.91359 5.38212 4.79362
253 10.001 5.81012 6.30181 4.73805
254 10.001 4.70972 6.44277 5.51567
255 10.001 5.66106 5.45597 5.5186
0 20 0.249271 0.32693 6.2985
1 20 0.898568 1.25614 6.16923
2 20 0.188106 1.10567 0.523991
3 20 1.00027 0.215678 0.363014
4 20 0.0291092 0.213247 1.2068
5 20 0.897671 0.984254 1.29804
6 20 6.79759 1.04897 1.88545
7 20 1.0127 0.229174 2.10024
8 20 0.108064 0.241711 3.11972
9 20 0.790062 1.01496 2.79409
10 20 0.0668591 1.18374 3.76079
11 20 0.94384 0.279637 3.85766
12 20 0.186424 0.173931 4.72469
13 20 1.03415 0.957788 4.76337
14 20 0.0971251 1.10248 5.3786
15 20 1.06421 0.140077 5.55062
16 20 0.122906 1.92349 6.35126
17 20 0.980084 2.65595 6.32041
18 20 0.143966 2.63604 0.339706
19 20 0.937497 1.93899 0.307004
20 20 0.147898 1.97019 1.26738
21 20 0.825075 2.80421 1.16937
22 20 0.121844 2.7361 2.0847
23 20 1.14387 2.01078 2.03923
24 20 0.265597 1.92712 2.77165
25 20 1.06171 2.75993 2.73411
26 20 0.136704 2.90205 3.6829
27 20 0.984373 1.72832 3.9595
28 20 0.0907477 1.98916 4.54967
29 20 0.862095 2.83454 4.51457
30 20 0.0796944 2.85243 5.5804
31 20 1.05918 1.93515 5.24508
32 20 0.394548 3.61238 6.34989
33 20 0.991382 4.54168 6.04954
34 20 0.10332 4.60551 0.341408
35 20 0.897559 3.76636 0.567287
36 20 0.0972952 3.57784 1.32914
37 20 1.13085 4.63162 1.09105
38 20 0.332278 4.5145 1.99897
39 20 1.11434 3.62044 2.00298
40 20 0.259476 3.55775 2.78288
41 20 0.912409 4.38399 3.03841
42 20 6.78065 4.41027 3.57021
43 20 1.07505 3.63277 3.89058
44 20 0.0689171 3.74731 4.50322
45 20 1.06681 4.70022 4.81109
46 20 6.81804 4.50159 5.41549
47 20 0.986057 3.75133 5.33426
48 20 0.000855689 5.36869 6.13963
49 20 0.813943 6.27505 6.39782
50 20 6.82149 6.36244 0.304801
51 20 0.904301 5.25962 0.0176934
52 20 0.174382 5.32608 1.09497
53 20 0.931175 6.3563 1.20417
54 20 0.0113626 6.40548 2.21802
55 20 0.838139 5.46521 2.11555
56 20 0.0382479 5.40918 2.90555
57 20 0.843076 6.33962 3.03141
58 20 6.81435 6.1113 3.71284
59 20 0.809972 5.33575 3.79009
60 20 0.0450274 5.42279 4.55586
61 20 0.927038 6.15399 4.65153
62 20 0.171074 6.28808 5.56363
63 20 0.979793 5.52539 5.55559
64 20 1.82162 0.364521 6.35419
65 20 2.7001 1.07326 6.47448
66 20 1.66458 1.11438 0.383751
67 20 2.69043 0.355839 0.398046
68 20 1.7857 0.156231 1.26559
69 20 2.60467 1.11824 1.13281
70 20 1.77064 1.15371 2.10563
71 20 2.7267 0.193665 2.00221
72 20 1.67174 0.316403 2.98104
73 20 2.51372 1.06701 2.89714
74 20 1.73734 0.962098 3.84911
75 20 2.66965 0.208064 3.96867
76 20 1.73285 0.205646 4.65778
77 20 2.66108 1.09041 4.56383
78 20 1.84689 1.13602 5.56332
79 20 2.65134 0.39645 5.43153
80 20 2.02623 2.08522 6.45097
81 20 2.57172 2.98411 6.19792
82 20 1.71353 2.96793 0.348867
83 20 2.82565 1.92577 0.285637
84 20 1.74353 2.03333 1.00565
85 20 2.72979 3.04826 1.07201
86 20 1.91172 2.90198 1.78067
87 20 2.51703 2.02949 1.77404
88 20 1.77792 1.82371 3.0014
89 20 2.63236 2.76348 2.78005
90 20 1.69551 2.54026 3.80119
91 20 2.69295 1.75527 3.74553
92 20 1.93097 1.82435 4.5713
93 20 2.76204 2.70816 4.54463
94 20 1.61388 2.86917 5.39483
95 20 2.66778 2.01772 5.46572
96 20 1.61947 3.66314 6.37074
97 20 2.71894 4.42309 6.16739
98 20 1.76287 4.56727 0.29223
99 20 2.55576 3.75784 0.193933
100 20 1.93515 3.8032 1.13432
101 20 2.79327 4.53253 1.4477
102 20 1.82637 4.8086 2.03238
103 20 2.73299 3.64904 2.02634
104 20 1.79537 3.75915 3.0099
105 20 2.61762 4.53398 2.58896
106 20 1.70206 4.59615 3.8712
107 20 2.68526 3.46783 3.81463
108 20 1.88207 3.60332 4.66456
109 20 2.59959 4.53763 4.55146
110 20 1.9111 4.35657 5.48795
111 20 2.85643 3.57504 5.25302
112 20 1.82073 5.1859 6.29476
113 20 2.63601 6.53742 6.3364
114 20 1.74968 6.24211 0.276568
115 20 2.79933 5.30871 0.394887
116 20 1.84049 5.74109 1.28394
117 20 2.88207 6.32456 1.07529
118 20 1.72995 6.29159 2.20922
119 20 2.78091 5.64091 2.21348
120 20 1.64285 5.27026 2.97653
121 20 2.51439 6.36202 3.10539
122 20 1.6793 6.26789 3.8034
123 20 2.51511 5.30011 3.66366
124 20 1.87316 5.53539 4.68852
125 20 2.76781 6.21707 4.7891
126 20 1.91613 6.22265 5.6414
127 20 2.68295 5.47664 5.55315
128 20 3.60542 0.317985 6.36321
129 20 4.36966 1.11023 6.2756
130 20 3.69879 1.03871 0.344431
131 20 4.42214 0.172784 0.278619
132 20 3.65224 0.270011 1.29477
133 20 4.34372 1.14922 1.16976
134 20 3.26262 1.17851 2.03349
135 20 4.55079 0.401489 2.07047
136 20 3.64081 0.265647 2.93799
137 20 4.46372 1.25771 2.85024
138 20 3.45723 0.937753 3.7843
139 20 4.36334 0.337252 3.7105
140 20 3.53389 0.183838 4.6458
141 20 4.30287 1.08267 4.63664
142 20 3.42304 1.10668 5.5381
143 20 4.36598 0.329215 5.47841
144 20 3.79378 2.00291 6.36165
145 20 4.43529 2.96662 6.31663
146 20 3.53265 3.00869 0.402784
147 20 4.45762 2.03738 0.323258
148 20 3.53404 1.92028 1.06221
149 20 4.59099 2.94442 1.25966
150 20 3.48023 2.79891 1.86937
151 20 4.58182 2.00656 2.00399
152 20 3.47636 1.98901 2.66666
153 20 4.39179 2.90846 3.0554
154 20 3.44378 2.57918 3.55775
155 20 4.31019 1.98794 3.75156
156 20 3.46821 1.75494 4.62855
157 20 4.44168 2.69184 4.62407
158 20 3.47783 2.68999 5.45409
159 20 4.32559 1.87961 5.35935
160 20 3.57163 3.7022 6.12171
161 20 4.35912 4.51722 6.3223
162 20 3.53169 4.21392 0.26739
163 20 4.62992 3.67429 0.444273
164 20 3.64341 3.72588 1.28711
165 20 4.35248 4.61906 1.27946
166 20 3.66018 4.59437 2.21612
167 20 4.40553 3.66362 2.11489
168 20 3.49176 3.65403 2.93842
169 20 4.33186 4.51059 3.05668
170 20 3.55839 4.66295 3.78754
171 20 4.61667 3.67726 3.80362
172 20 3.63313 3.53752 4.54656
173 20 4.4868 4.5832 4.5747
174 20 3.58544 4.47997 5.35274
175 20 4.63558 3.67913 5.42725
176 20 3.4384 5.34435 6.27975
177 20 4.42641 6.26614 6.28762
178 20 3.60267 6.37872 0.262699
179 20 4.4046 5.3975 0.441552
180 20 3.67436 5.55568 1.25
181 20 4.53855 6.26115 1.3525
182 20 3.68395 6.3166 2.11317
183 20 4.39776 5.42674 2.10932
184 20 3.63455 5.49996 3.02071
185 20 4.58008 6.33214 2.82699
186 20 3.30181 6.10322 3.82033
187 20 4.40418 5.49409 3.94969
188 20 3.48584 5.3404 4.54124
189 20 4.41046 6.3839 4.69499
190 20 3.43519 6.35824 5.71145
191 20 4.09408 5.4961 5.42948
192 20 5.13503 0.299719 6.30096
193 20 6.25726 1.23295 6.30116
194 20 5.1673 1.11614 0.270595
195 20 5.96984 0.389209 0.152372
196 20 5.22003 0.270278 1.17114
197 20 6.09155 1.12235 1.1428
198 20 5.33558 1.12449 2.02657
199 20 6.0086 0.298497 1.97211
200 20 5.30519 0.386527 2.91974
201 20 6.16558 1.0593 2.87956
202 20 5.27701 1.02192 3.79946
203 20 6.08151 0.198559 3.87128
204 20 5.1938 0.39339 4.6285
205 20 6.1455 1.25585 4.53574
206 20 5.26396 1.23059 5.64911
207 20 6.13494 0.36866 5.45946
208 20 5.09855 1.95603 6.40036
209 20 5.94125 2.73502 6.26719
210 20 5.35009 2.74875 0.394826
211 20 6.19161 1.87381 0.391876
212 20 5.26305 1.89334 1.11898
213 20 6.19066 2.71412 1.18254
214 20 5.39588 2.77781 2.03222
215 20 6.09439 1.92222 1.95633
216 20 5.35422 2.02058 2.82377
217 20 6.10753 2.76318 2.86934
218 20 5.22231 2.76155 3.73245
219 20 6.07752 2.08047 3.7709
220 20 5.23392 1.75983 4.68895
221 20 6.17454 2.83528 4.4682
222 20 5.17864 2.69153 5.50184
223 20 6.07597 2.00122 5.47621
224 20 5.36352 3.65499 6.50146
225 20 6.12889 4.48005 6.40621
226 20 5.22513 4.56378 0.254077
227 20 6.34456 3.59498 0.171952
228 20 5.56615 3.58606 1.23354
229 20 6.21048 4.48686 1.22346
230 20 5.24397 4.42198 2.01034
231 20 6.0867 3.70988 2.09158
232 20 5.31527 3.72124 2.85667
233 20 6.12617 4.49452 2.79183
234 20 5.36485 4.52873 3.69549
235 20 6.0323 3.63672 3.77803
236 20 5.3253 3.52496 4.58016
237 20 5.95527 4.45222 4.65744
238 20 5.31243 4.52674 5.68518
239 20 5.9991 3.58009 5.46547
240 20 5.18814 5.50401 6.33019
241 20 6.15698 6.44961 6.30965
242 20 5.3101 6.31836 0.319652
243 20 6.11751 5.43935 0.291535
244 20 5.30829 5.31649 1.19188
245 20 6.04898 6.20683 1.35347
246 20 5.34463 6.19597 2.07086
247 20 6.21344 5.30644 2.03293
248 20 5.40565 5.22322 2.64695
249 20 5.90994 6.21905 2.96857
250 20 5.18223 6.25247 3.85238
251 20 6.0273 5.33229 3.80463
252 20 5.21538 5.41695 4.63103
253 20 6.15715 6.33904 4.65541
254 20 5.31309 6.35353 5.41283
255 20 6.05012 5.39113 5.42641
0 30 0.593064 0.265356 5.98204
1 30 1.28875 1.28257 5.7618
2 30 0.499415 1.41736 6.49017
3 30 1.5171 0.248505 6.67451
4 30 0.536327 0.590788 0.534385
5 30 1.4393 1.12179 0.664944
6 30 0.57038 1.36037 1.53147
7 30 1.27674 0.365027 1.6476
8 30 0.315683 0.327589 2.22198
9 30 1.43015 1.39987 2.50632
10 30 0.5105 1.2101 3.25823
11 30 1.24051 0.466797 3.33943
12 30 0.461466 0.667853 4.30234
13 30 1.44423 1.33854 4.15311
14 30 0.397697 1.33431 5.18361
15 30 1.22022 0.413754 5.04763
16 30 0.580733 2.25721 5.94671
17 30 1.41277 2.9775 5.89985
18 30 0.375449 2.85145 6.75514
19 30 1.57243 1.97164 6.65963
20 30 0.458396 2.03814 0.696818
21 30 1.37628 2.98742 0.427452
22 30 0.466271 2.87877 1.40686
23 30 1.48325 2.16959 1.78074
24 30 0.433997 1.97996 2.41777
25 30 1.36062 3.00909 2.67333
26 30 0.424287 2.68625 3.29233
27 30 1.44061 2.10899 3.40323
28 30 0.52303 1.89741 4.05982
29 30 1.18645 2.85959 4.13515
30 30 0.45132 2.88836 5.08509
31 30 1.25267 2.14926 4.9891
32 30 0.355078 3.59936 5.8537
33 30 1.19228 4.62398 5.71982
34 30 0.391248 4.60831 6.67903
35 30 1.22108 4.0731 6.7802
36 30 0.586903 3.80248 0.736688
37 30 1.33655 4.69345 0.731411
38 30 0.687342 4.93191 1.59589
39 30 1.13465 3.87373 1.64953
40 30 0.50054 3.84933 2.58342
41 30 1.40373 4.67469 2.60353
42 30 0.680309 4.58244 3.44324
43 30 1.38378 3.74225 3.47639
44 30 0.332494 3.70878 4.1204
45 30 1.38214 4.62841 4.21083
46 30 0.525328 4.44222 4.82615
47 30 1.36203 3.7399 4.73869
48 30 0.403379 5.45794 5.70603
49 30 1.27745 6.33876 5.59258
50 30 0.458215 6.29795 6.55392
51 30 1.20248 5.38404 6.67722
52 30 0.542108 5.56004 0.692798
53 30 1.46454 6.20765 0.7591
54 30 0.600943 6.12059 1.79501
55 30 1.53111 5.5624 1.76483
56 30 0.59677 5.4431 2.68381
57 30 1.3398 6.35091 2.57997
58 30 0.535213 6.31497 3.34495
59 30 1.4538 5.47216 3.48348
60 30 0.583206 5.51919 4.28943
61 30 1.28404 6.42558 4.23629
62 30 0.465023 6.45612 4.90002
63 30 1.38669 5.53572 4.9397
64 30 2.16385 0.163629 5.77651
65 30 3.1613 0.922304 5.93853
66 30 2.23168 0.980681 6.35819
67 30 3.0272 0.19681 6.74461
68 30 2.16536 0.191009 0.671168
69 30 2.92252 1.13 0.542582
70 30 2.18828 1.18313 1.5558
71 30 3.10535 0.270153 1.84531
72 30 2.0653 0.459671 2.51432
73 30 3.30791 1.4348 2.50089
74 30 2.29029 1.39794 3.18114
75 30 3.03155 0.643039 3.06408
76 30 2.11468 0.413877 3.90392
77 30 3.01117 1.16391 4.20488
78 30 2.3374 1.16029 5.30619
79 30 3.23212 0.423209 4.94896
80 30 2.18959 2.18872 5.72571
81 30 3.19039 3.0018 5.8201
82 30 2.35651 2.82322 6.65889
83 30 3.00364 1.94008 6.35843
84 30 2.16208 2.25457 0.722706
85 30 3.13623 3.06736 0.82407
86 30 2.1345 3.15302 1.64077
87 30 3.09395 2.31086 1.67921
88 30 2.39437 2.39681 2.51852
89 30 3.18642 3.17142 2.48588
90 30 2.29414 3.0691 3.46598
91 30 3.02088 2.33674 3.39405
92 30 2.6083 2.35544 4.48286
93 30 3.14888 3.1799 4.19964
94 30 2.24332 3.16663 5.12068
95 30 3.40834 1.97697 5.21883
96 30 1.98265 3.83426 6.04364
97 30 2.99339 4.70394 5.87565
98 30 2.23762 4.66821 6.76867
99 30 2.86169 3.80205 6.76252
100 30 2.01388 3.75807 0.718956
101 30 3.07092 4.58424 0.805435
102 30 1.8804 4.56207 1.64274
103 30 3.13113 3.90047 1.73735
104 30 2.10965 3.92729 2.4897
105 30 2.9249 4.66301 2.50548
106 30 2.17291 4.65453 3.36826
107 30 2.99535 3.86869 3.23898
108 30 2.24117 3.92814 4.24173
109 30 3.04001 4.57974 4.17799
110 30 2.11225 4.68664 5.03605
111 30 3.01953 3.90558 5.0663
112 30 2.12212 5.39474 5.81687
113 30 2.98345 6.10678 6.02977
114 30 2.21176 6.1959 6.78454
115 30 3.09407 5.44079 0.0243675
116 30 2.23807 5.41001 0.708944
117 30 2.94654 6.26882 0.750211
118 30 2.08196 6.47766 1.8692
119 30 2.91618 5.54312 1.82387
120 30 2.18286 5.52292 2.66743
121 30 3.17075 6.35393 2.78876
122 30 2.16104 6.36814 3.28406
123 30 3.14706 5.35526 3.2833
124 30 2.35147 5.62382 4.19352
125 30 2.99435 6.6457 3.95897
126 30 2.29309 6.64388 4.82405
127 30 3.0622 5.4813 5.03814
128 30 3.92643 0.106154 5.89584
129 30 4.73696 1.05679 5.96461
130 30 3.85819 1.04758 6.71642
131 30 4.72948 0.189049 6.5796
132 30 3.97829 0.213347 0.75518
133 30 4.47922 1.31272 0.693862
134 30 4.09518 0.978144 1.8369
135 30 4.86654 0.224566 1.63488
136 30 4.01776 0.239168 2.78119
137 30 5.01365 1.08739 2.50744
138 30 3.93404 1.1472 3.45311
139 30 4.96535 0.15075 3.41722
140 30 4.0274 0.151646 4.08889
141 30 4.75009 1.0747 4.24704
142 30 3.97914 1.12092 5.24801
143 30 4.75252 0.251051 5.0164
144 30 4.06588 1.91395 5.99633
145 30 4.54123 3.01437 5.85031
146 30 3.78798 2.94928 6.67752
147 30 4.71546 2.24191 0.00398324
148 30 3.54376 2.03179 0.50338
149 30 4.79386 3.00274 0.796712
150 30 4.08194 3.06223 1.69552
151 30 4.69179 2.04326 1.57009
152 30 3.93246 2.31553 2.5933
153 30 4.88246 3.0825 2.51771
154 30 3.93512 3.19145 3.3949
155 30 4.73381 2.37327 3.34635
156 30 3.99629 1.99279 4.34655
157 30 4.66083 2.92483 4.25212
158 30 3.87467 3.15747 5.04
159 30 4.67544 2.23201 5.16738
160 30 3.76918 3.90384 5.9315
161 30 4.70596 4.64085 5.99645
162 30 3.9361 4.7105 6.74423
163 30 4.54974 3.87853 0.0416104
164 30 3.82752 3.87409 0.897962
165 30 4.82383 4.7053 0.794136
166 30 3.96667 4.71546 1.93773
167 30 4.83339 3.90731 1.6558
168 30 3.98781 3.76454 2.54553
169 30 4.8305 4.81968 2.55029
170 30 4.00121 4.62153 3.31706
171 30 4.88924 3.72859 3.34603
172 30 3.83482 3.94877 4.22838
173 30 4.8363 4.68953 4.00598
174 30 3.8558 4.60095 5.06763
175 30 4.77726 3.80618 4.85998
176 30 3.95322 5.5522 5.89113
177 30 4.78355 6.20846 5.95102
178 30 3.92267 6.31199 6.81969
179 30 4.96602 5.28532 6.73893
180 30 3.77243 5.53526 0.908052
181 30 4.70062 6.30002 0.672945
182 30 3.99954 6.30869 1.64236
183 30 4.65567 5.5029 1.71944
184 30 3.87909 5.62008 2.47034
185 30 4.75844 6.23539 2.48698
186 30 3.9423 6.17373 3.47093
187 30 4.82322 5.56349 3.38437
188 30 3.88011 5.33353 4.28594
189 30 4.85026 6.20412 4.27693
190 30 3.92882 6.34205 4.98201
191 30 4.70392 5.54166 5.11767
192 30 5.58974 0.344165 6.03759
193 30 6.35446 1.41425 5.8474
194 30 5.61165 1.21154 6.769
195 30 6.45567 0.309668 0.0420463
196 30 5.46337 0.456717 0.601769
197 30 6.39558 1.12239 0.749078
198 30 5.70825 1.29119 1.66503
199 30 6.22101 0.328115 1.61097
200 30 5.62346 0.147133 2.4934
201 30 6.42841 1.17741 2.50231
202 30 5.75476 1.11348 3.27888
203 30 6.55351 0.387533 3.50236
204 30 5.66508 0.30426 4.32566
205 30 6.37501 1.3351 4.15247
206 30 5.48538 1.23537 5.16977
207 30 6.48637 0.614631 5.11609
208 30 5.35857 2.09742 5.9376
209 30 6.39121 2.89903 5.8767
210 30 5.67586 2.94954 6.65579
211 30 6.43287 2.00267 6.78731
212 30 5.55704 2.05389 0.665234
213 30 6.35218 2.87541 0.692853
214 30 5.81976 2.96969 1.64023
215 30 6.44968 2.07726 1.54971
216 30 5.63807 2.17566 2.57323
217 30 6.61372 3.00511 2.48004
218 30 5.62377 2.89819 3.48677
219 30 6.37902 2.00488 3.25116
220 30 5.49299 2.06768 4.15364
221 30 6.4958 2.85109 4.21469
222 30 5.52998 3.0278 4.91619
223 30 6.20308 2.06978 4.99682
224 30 5.52058 3.77479 5.89507
225 30 6.4015 4.51334 5.80622
226 30 5.8423 4.57633 6.7082
227 30 6.45779 3.68375 6.74133
228 30 5.65072 3.84583 0.702872
229 30 6.49847 4.62576 0.685918
230 30 5.59107 4.73472 1.63334
231 30 0.0105859 3.92253 1.60468
232 30 5.88578 3.81073 2.2816
233 30 6.52135 4.58996 2.43419
234 30 5.74709 4.73708 3.25424
235 30 6.53392 3.98978 3.3716
236 30 5.69469 3.94119 4.19364
237 30 6.5964 4.76343 4.24335
238 30 5.56455 4.60314 4.94332
239 30 6.44887 3.70916 4.96986
240 30 5.73002 5.34819 5.90351
241 30 6.30719 6.40757 5.94342
242 30 5.55333 6.31437 6.72011
243 30 6.48777 5.56662 6.74266
244 30 5.71246 5.5255 0.637884
245 30 6.25206 6.36469 0.891129
246 30 5.52806 6.24505 1.71719
247 30 6.51841 5.49042 1.71027
248 30 5.75555 5.53004 2.45398
249 30 6.58827 6.38952 2.69275
250 30 5.6629 6.21241 3.24461
251 30 6.63579 5.50259 3.40452
252 30 5.60027 5.32035 4.21526
253 30 6.53669 6.37085 4.1189
254 30 5.52503 6.1998 5.10914
255 30 6.438 5.54592 4.97984
0 40.001 0.0309312 6.5724 5.83622
1 40.001 0.861694 0.620185 5.86219
2 40.001 0.068037 0.840783 0.0533783
3 40.001 0.96071 0.00921083 0.0883857
4 40.001 0.156086 6.65876 1.06041
5 40.001 0.993831 0.874113 0.79808
6 40.001 0.267672 0.717497 1.8227
7 40.001 0.986834 6.63761 1.78802
8 40.001 0.261121 6.68106 2.78567
9 40.001 0.95338 0.768079 2.68943
10 40.001 0.12074 0.862442 3.49054
11 40.001 1.05116 6.71761 3.3952
12 40.001 0.294923 6.62998 4.33104
13 40.001 0.960666 0.854353 4.22207
14 40.001 0.00705035 0.576998 5.07515
15 40.001 0.954242 6.7145 5.10697
16 40.001 0.0196822 1.5325 5.73564
17 40.001 0.91952 2.45697 5.73559
18 40.001 0.20244 2.50904 6.81461
19 40.001 1.12696 1.43388 6.5594
20 40.001 0.157198 1.5974 0.970861
21 40.001 1.20735 2.54729 0.891132
22 40.001 0.276979 2.47777 1.52853
23 40.001 0.995819 1.71221 1.78847
24 40.001 0.164849 1.81372 2.64588
25 40.001 1.28203 2.56001 2.62752
26 40.001 0.173471 2.35021 3.63014
27 40.001 1.11745 1.74737 3.50736
28 40.001 6.71178 1.52689 4.40945
29 40.001 0.946641 2.39895 4.31784
30 40.001 0.066389 2.44161 5.01513
31 40.001 0.882236 1.59386 5.09525
32 40.001 0.233758 3.27785 5.98917
33 40.001 1.03962 4.22664 5.89566
34 40.001 0.126853 4.26743 6.68744
35 40.001 0.947099 3.40108 6.77261
36 40.001 0.193276 3.4195 0.672289
37 40.001 0.883119 4.43691 0.640543
38 40.001 0.12652 4.28878 1.44736
39 40.001 0.905 3.42229 1.61551
40 40.001 0.0960998 3.32853 2.44168
41 40.001 0.86111 4.15043 2.59844
42 40.001 0.0263182 4.04283 3.2161
43 40.001 0.951213 3.29034 3.48106
44 40.001 0.299244 3.26635 4.24047
45 40.001 0.965001 4.19591 4.38161
46 40.001 0.166948 4.34646 5.15125
47 40.001 1.02047 3.3901 5.15896
48 40.001 0.172185 5.10438 5.92908
49 40.001 0.945852 5.87809 6.01484
50 40.001 0.113364 5.83573 6.74295
51 40.001 1.03178 4.99434 6.6051
52 40.001 0.0776446 5.07235 0.668613
53 40.001 0.851908 5.76768 0.676368
54 40.001 0.368603 5.73762 1.61442
55 40.001 1.0045 4.77939 1.6471
56 40.001 0.0400626 4.89177 2.59778
57 40.001 1.02993 5.59311 2.5674
58 40.001 0.397866 5.80574 3.46348
59 40.001 0.87802 4.87296 3.38886
60 40.001 0.155448 5.01619 4.30575
61 40.001 0.958034 5.89993 4.36913
62 40.001 0.0382591 5.86888 5.01996
63 40.001 1.0934 5.0152 5.01125
64 40.001 1.73305 6.67558 5.89176
65 40.001 2.58379 0.477501 5.69109
66 40.001 1.89639 0.616067 6.65101
67 40.001 2.6309 6.71847 0.106761
68 40.001 1.7877 6.55079 0.994781
69 40.001 2.43957 0.79849 0.701123
70 40.001 1.62674 0.684705 1.67346
71 40.001 2.7251 6.7616 1.67427
72 40.001 1.81765 6.44489 2.49676
73 40.001 2.30488 0.656884 2.5636
74 40.001 1.8634 0.683552 3.55456
75 40.001 2.84976 0.0514917 3.3306
76 40.001 1.78443 6.57923 4.21133
77 40.001 2.64074 0.7145 4.28419
78 40.001 1.70506 0.716556 4.90215
79 40.001 2.61529 6.53977 4.96997
80 40.001 1.82009 1.49323 5.77431
81 40.001 2.82567 2.53718 5.91844
82 40.001 1.80883 2.56492 6.60813
83 40.001 2.6833 1.68192 6.58925
84 40.001 1.86882 1.70552 0.415
85 40.001 2.6107 2.58336 0.670187
86 40.001 2.0175 2.19886 1.47193
87 40.001 2.67763 1.34673 1.82639
88 40.001 1.83513 1.60514 2.77606
89 40.001 2.48487 2.70996 2.44448
90 40.001 2.09307 2.4106 3.61824
91 40.001 2.69356 1.40661 3.50811
92 40.001 1.89061 1.51511 4.23256
93 40.001 2.81759 2.29617 4.51477
94 40.001 1.87455 2.61256 5.15445
95 40.001 2.80078 1.40481 5.36414
96 40.001 1.90127 3.47912 6.03436
97 40.001 2.72443 4.29841 6.20087
98 40.001 1.72677 4.21801 6.8081
99 40.001 2.69462 3.31035 6.78269
100 40.001 1.8658 3.43739 0.783301
101 40.001 2.60229 4.19834 0.665191
102 40.001 1.91866 4.23213 1.59979
103 40.001 2.57496 3.47966 1.51435
104 40.001 1.66751 3.49071 2.56363
105 40.001 2.6468 4.1075 2.52835
106 40.001 1.67184 4.13874 3.55391
107 40.001 2.41359 3.43441 3.38636
108 40.001 1.93682 3.40724 4.35391
109 40.001 2.70877 4.16809 4.31114
110 40.001 1.96709 4.31557 5.07324
111 40.001 2.84621 3.44842 5.19785
112 40.001 1.86638 5.16076 5.92185
113 40.001 2.76098 5.96464 6.02937
114 40.001 1.8632 6.03623 6.7873
115 40.001 2.75252 5.12263 0.0133777
116 40.001 1.78821 5.12706 0.815934
117 40.001 2.5947 5.84177 1.14797
118 40.001 1.71849 5.66038 1.71162
119 40.001 2.67616 4.9191 1.60454
120 40.001 1.83631 4.81804 2.74823
121 40.001 2.76263 5.89867 2.30965
122 40.001 1.69857 5.80146 3.48446
123 40.001 2.56146 4.9007 3.5107
124 40.001 1.82393 5.03323 4.17552
125 40.001 2.6108 5.72239 4.25957
126 40.001 1.7586 5.91503 5.09735
127 40.001 2.75859 4.98942 5.20003
128 40.001 3.59718 6.60896 5.99205
129 40.001 4.4265 0.540385 5.90214
130 40.001 3.62827 0.574691 6.81311
131 40.001 4.48402 6.68845 6.80351
132 40.001 3.57727 6.76954 0.813652
133 40.001 4.36556 0.646578 0.720871
134 40.001 3.47272 0.684785 1.53314
135 40.001 4.62556 6.67607 1.71065
136 40.001 3.55039 6.79651 2.44813
137 40.001 4.23923 0.691345 2.71653
138 40.001 3.6301 0.779668 3.68276
139 40.001 4.38356 6.69587 3.49788
140 40.001 3.41517 6.70528 4.29608
141 40.001 4.47379 0.64706 4.43294
142 40.001 3.63197 0.735519 5.16257
143 40.001 4.26113 6.61878 5.16456
144 40.001 3.67841 1.43686 5.96542
145 40.001 4.3583 2.49581 6.02359
146 40.001 3.52765 2.4228 6.73644
147 40.001 4.4507 1.46812 6.70149
148 40.001 3.43187 1.61082 0.579289
149 40.001 4.32828 2.46437 0.703398
150 40.001 3.44377 2.39069 1.48604
151 40.001 4.43689 1.56175 1.73257
152 40.001 3.46927 1.68418 2.45065
153 40.001 4.30023 2.48569 2.70062
154 40.001 3.20561 2.34663 3.25223
155 40.001 4.37856 1.47725 3.45735
156 40.001 3.63495 1.62294 4.44475
157 40.001 4.47055 2.29379 4.1729
158 40.001 3.60306 2.42721 5.19328
159 40.001 4.52318 1.56294 5.19927
160 40.001 3.58576 3.3476 6.13409
161 40.001 4.47709 4.14844 5.99405
162 40.001 3.68883 4.20712 0.000201185
163 40.001 4.52773 3.30805 6.80521
164 40.001 3.57036 3.36793 0.730961
165 40.001 4.35948 4.29233 1.1556
166 40.001 3.48124 4.04522 1.73351
167 40.001 4.33571 3.26133 1.65386
168 40.001 3.42988 3.26767 2.68933
169 40.001 4.61625 4.18505 2.31618
170 40.001 3.4939 4.16978 3.37467
171 40.001 4.35413 3.21871 3.51566
172 40.001 3.45099 3.31979 4.20117
173 40.001 4.33142 4.06622 4.25159
174 40.001 3.60668 4.32442 5.10662
175 40.001 4.3952 3.28547 4.98693
176 40.001 3.50952 5.09153 6.06597
177 40.001 4.42498 5.89127 6.11914
178 40.001 3.598 5.98441 0.0444994
179 40.001 4.48341 5.09751 0.143348
180 40.001 3.42906 4.85755 0.908574
181 40.001 4.58226 6.0861 0.807588
182 40.001 3.51906 5.95703 1.58748
183 40.001 4.54121 5.37575 1.68272
184 40.001 3.58709 5.10487 2.50322
185 40.001 4.35975 5.98873 2.67141
186 40.001 3.71602 5.75726 3.50952
187 40.001 4.41749 4.92843 3.21199
188 40.001 3.51022 5.01323 4.1982
189 40.001 4.36568 5.81861 4.29654
190 40.001 3.54171 5.90291 5.1213
191 40.001 4.33862 5.07783 5.26646
192 40.001 5.24028 6.6465 6.06207
193 40.001 6.15795 0.578564 5.90427
194 40.001 5.23289 0.577053 0.0868869
195 40.001 6.23479 6.80882 0.0625702
196 40.001 5.40475 6.80179 0.955807
197 40.001 6.18317 0.609889 0.922955
198 40.001 5.26576 0.891119 1.86295
199 40.001 6.27208 6.83925 1.85753
200 40.001 5.39432 6.71022 2.58748
201 40.001 6.181 0.740437 2.6297
202 40.001 5.33192 0.609018 3.40753
203 40.001 6.20772 6.58339 3.56371
204 40.001 5.25012 6.52121 4.23745
205 40.001 5.98881 0.665713 4.23993
206 40.001 5.3132 0.566511 5.14601
207 40.001 5.99963 6.56437 5.11841
208 40.001 5.34355 1.55751 6.09217
209 40.001 6.10355 2.35107 5.95381
210 40.001 5.24777 2.40527 6.80067
211 40.001 5.95944 1.33915 0.139898
212 40.001 5.22231 1.54188 0.913342
213 40.001 6.20639 2.35349 0.736709
214 40.001 5.24231 2.1396 1.8174
215 40.001 6.21775 1.53096 1.72373
216 40.001 5.18101 1.54806 2.74977
217 40.001 6.00554 2.2905 2.47535
218 40.001 5.22271 2.38934 3.31407
219 40.001 6.12646 1.69884 3.43496
220 40.001 5.26352 1.45751 4.41738
221 40.001 5.87452 2.36828 4.26991
222 40.001 5.28617 2.4456 5.20614
223 40.001 6.00404 1.47885 5.18415
224 40.001 5.2706 3.24917 5.84477
225 40.001 6.09101 4.21998 5.8614
226 40.001 5.23484 4.18165 6.83816
227 40.001 6.15562 3.16596 6.75126
228 40.001 5.38574 3.33453 0.903582
229 40.001 6.18957 4.19953 0.612629
230 40.001 5.5824 4.16144 1.43012
231 40.001 6.37812 3.22184 1.52136
232 40.001 5.41326 3.49195 2.84908
233 40.001 6.12176 4.11208 2.31617
234 40.001 5.34298 4.26177 3.55048
235 40.001 6.29193 3.09018 3.38212
236 40.001 5.15043 3.18247 4.24336
237 40.001 6.17915 4.20302 4.07806
238 40.001 5.29447 4.10182 5.16538
239 40.001 6.11783 3.24242 4.81569
240 40.001 5.20449 5.08276 6.02972
241 40.001 6.00659 5.86325 6.01123
242 40.001 5.39983 5.91283 0.00272833
243 40.001 6.19146 4.98555 6.62605
244 40.001 5.43862 5.2018 0.878936
245 40.001 6.28532 5.88204 0.693073
246 40.001 5.48776 5.9546 1.67669
247 40.001 6.18283 5.05617 1.69301
248 40.001 5.34994 5.05727 2.43401
249 40.001 6.32985 5.91244 2.66644
250 40.001 5.17987 5.88706 3.38793
251 40.001 6.19141 5.06653 3.33222
252 40.001 5.02228 4.87562 4.36989
253 40.001 6.09002 5.68708 4.20919
254 40.001 5.22157 5.81592 5.12224
255 40.001 6.05792 5.05988 5.17725
0 50.001 6.80704 6.18238 6.17367
1 50.001 0.84089 0.328428 5.89181
2 50.001 6.75213 0.605783 6.68448
3 50.001 0.672717 6.54876 6.83984
4 50.001 6.81724 6.43487 0.936585
5 50.001 0.755792 0.391257 0.768431
6 50.001 6.78733 0.307397 1.81666
7 50.001 0.700142 6.39559 1.71514
8 50.001 6.69589 6.33841 2.52519
9 50.001 0.695484 0.204462 2.59944
10 50.001 6.72605 0.42346 3.32875
11 50.001 0.471551 6.33488 3.43689
12 50.001 6.71332 6.33351 4.40711
13 50.001 0.796305 0.286306 4.3278
14 50.001 0.0163 0.349963 5.08543
15 50.001 0.603291 6.25816 5.22486
16 50.001 0.0010593 1.19654 5.82313
17 50.001 0.803353 2.01333 6.00146
18 50.001 6.82828 1.84079 6.71825
19 50.001 0.883432 1.29797 0.0181798
20 50.001 0.103724 1.25838 0.920688
21 50.001 0.826113 1.98716 0.826363
22 50.001 0.0231544 1.99469 1.76663
23 50.001 0.875114 0.95078 1.71468
24 50.001 0.15346 1.15407 2.63908
25 50.001 0.954908 1.9531 2.63481
26 50.001 0.144618 1.98802 3.39804
27 50.001 0.842502 1.02894 3.4305
28 50.001 6.74896 1.1678 4.13896
29 50.001 0.7883 1.87903 4.18859
30 50.001 0.0881379 1.95732 4.9999
31 50.001 0.831267 1.12187 5.1016
32 50.001 6.83647 2.83613 6.13138
33 50.001 0.975818 3.66115 6.18239
34 50.001 0.166607 3.70653 0.04419
35 50.001 0.865947 2.80174 6.77787
36 50.001 0.0199434 2.64701 0.519057
37 50.001 0.693134 3.77691 1.01731
38 50.001 6.74524 3.76389 1.82374
39 50.001 0.776417 2.82675 1.58118
40 50.001 0.306707 2.84841 2.61128
41 50.001 0.950637 3.92059 2.55028
42 50.001 0.12126 3.71385 3.29144
43 50.001 0.99194 2.66916 3.4791
44 50.001 0.0143926 2.80929 4.06312
45 50.001 0.90622 3.61328 4.25016
46 50.001 0.159342 3.99107 5.13163
47 50.001 0.723506 2.76218 5.22178
48 50.001 6.54323 4.83072 6.24652
49 50.001 0.774511 5.52146 6.36854
50 50.001 6.71744 5.56498 0.266092
51 50.001 0.782152 4.54534 0.0611263
52 50.001 0.0529683 4.64572 0.878128
53 50.001 0.78673 5.73936 0.827236
54 50.001 0.0489547 5.56492 1.82565
55 50.001 0.905738 4.72542 1.7457
56 50.001 0.14414 4.66424 2.47387
57 50.001 0.84122 5.64924 2.53508
58 50.001 0.034413 5.34731 3.4096
59 50.001 0.865002 4.6777 3.4908
60 50.001 0.0634403 4.3239 4.18798
61 50.001 0.803021 5.7503 4.27786
62 50.001 6.55142 5.35513 5.27094
63 50.001 0.776429 4.97625 5.19305
64 50.001 1.57812 6.33725 6.01218
65 50.001 2.58491 0.39029 5.99775
66 50.001 1.73424 0.521481 6.83488
67 50.001 2.39337 6.47786 6.83366
68 50.001 1.6588 6.43075 0.824592
69 50.001 2.35808 0.351324 0.889891
70 50.001 1.73468 0.275372 1.77475
71 50.001 2.67781 6.34716 1.57955
72 50.001 1.66134 6.43245 2.56391
73 50.001 2.60347 0.280941 2.50004
74 50.001 1.59707 0.41661 3.41825
75 50.001 2.46574 6.47547 3.50277
76 50.001 1.81907 6.60585 4.2799
77 50.001 2.42306 0.518913 4.48488
78 50.001 1.56635 0.287455 5.15319
79 50.001 2.46367 6.46873 5.21178
80 50.001 1.67365 1.26033 6.09253
81 50.001 2.55813 2.03464 6.02355
82 50.001 1.72117 2.09053 6.79576
83 50.001 2.68042 1.31288 0.0188523
84 50.001 1.63046 1.2792 0.857056
85 50.001 2.45783 2.11973 0.942152
86 50.001 1.47842 1.93598 1.75985
87 50.001 2.52888 1.12153 1.76389
88 50.001 1.76365 1.11523 2.60866
89 50.001 2.55581 1.88328 2.49106
90 50.001 1.89624 2.04355 3.30348
91 50.001 2.46149 1.12899 3.47341
92 50.001 1.7154 1.218 4.28209
93 50.001 2.72747 2.16123 4.15898
94 50.001 1.6208 1.92624 5.21727
95 50.001 2.42188 1.28066 5.2641
96 50.001 1.84648 2.94458 5.79888
97 50.001 2.6356 3.75939 6.11461
98 50.001 1.77517 4.0451 6.81891
99 50.001 2.51968 2.80489 6.79039
100 50.001 1.69498 2.98365 1.02782
101 50.001 2.45012 3.88106 0.870967
102 50.001 1.88562 4.01269 1.93143
103 50.001 2.69775 3.10435 1.72198
104 50.001 1.76317 2.94143 2.37286
105 50.001 2.72749 3.77121 2.71327
106 50.001 1.82702 3.86885 3.18197
107 50.001 2.31199 3.0958 3.68343
108 50.001 1.63625 2.76537 4.5898
109 50.001 2.60288 3.89443 4.47141
110 50.001 1.53042 3.91205 5.19385
111 50.001 2.8794 3.08252 5.26501
112 50.001 1.51291 4.67503 6.00853
113 50.001 2.39514 5.56932 5.96866
114 50.001 1.63685 5.58111 0.0749021
115 50.001 2.59413 4.73125 6.66874
116 50.001 1.49286 4.77676 0.899372
117 50.001 2.59747 5.39552 0.758838
118 50.001 1.58079 5.60593 1.69184
119 50.001 2.8997 4.64168 1.60231
120 50.001 1.66914 4.9052 2.76187
121 50.001 2.61078 5.49917 2.71053
122 50.001 1.62849 5.61472 3.57415
123 50.001 2.55028 4.57657 3.43688
124 50.001 1.51124 4.69347 4.32935
125 50.001 2.58919 5.81263 4.36184
126 50.001 1.67275 5.53258 5.17719
127 50.001 2.41672 4.61828 5.33563
128 50.001 3.45731 6.45328 6.01494
129 50.001 4.26888 0.473887 6.07194
130 50.001 3.38738 0.456003 6.83031
131 50.001 4.25602 6.43741 0.054047
132 50.001 3.30807 6.2591 0.604143
133 50.001 4.20022 0.36238 0.869937
134 50.001 3.47889 0.259065 1.64717
135 50.001 4.38369 6.3683 1.75808
136 50.001 3.38869 6.28787 2.53759
137 50.001 4.21775 0.336967 2.60017
138 50.001 3.3092 0.307528 3.33489
139 50.001 4.10575 6.34989 3.37
140 50.001 3.38474 6.5724 4.46687
141 50.001 4.24483 0.556384 4.08881
142 50.001 3.32409 0.530085 5.3242
143 50.001 4.3127 6.59743 5.23692
144 50.001 3.64195 1.32243 6.15039
145 50.001 4.37627 2.19266 6.11242
146 50.001 3.43208 1.96742 0.220947
147 50.001 4.34768 1.23529 0.153396
148 50.001 3.31131 1.0582 1.00068
149 50.001 4.2419 2.1618 0.998452
150 50.001 3.37966 1.90404 1.69601
151 50.001 4.129 1.07517 1.73111
152 50.001 3.3706 1.0265 2.55151
153 50.001 4.23543 2.04965 2.45955
154 50.001 3.34191 1.87182 3.34129
155 50.001 4.24234 1.25654 3.33011
156 50.001 3.39209 1.08477 4.17676
157 50.001 4.20611 2.02692 4.23054
158 50.001 3.56534 2.01206 5.14658
159 50.001 4.46718 1.2465 5.083
160 50.001 3.38974 2.68214 6.19131
161 50.001 4.04098 3.6516 6.08421
162 50.001 3.43238 3.82843 0.215773
163 50.001 4.25347 2.89972 0.0942338
164 50.001 3.39474 2.87713 0.799626
165 50.001 4.16986 3.55405 0.93166
166 50.001 3.54922 3.8035 1.73968
167 50.001 4.01721 2.81538 1.78194
168 50.001 3.18538 2.6096 2.59514
169 50.001 4.16201 3.83569 2.70589
170 50.001 3.50165 3.77929 3.5489
171 50.001 4.24181 2.8099 3.28714
172 50.001 3.65227 2.87209 4.25275
173 50.001 4.30124 3.87473 4.42926
174 50.001 3.4951 4.04523 5.14507
175 50.001 4.32701 2.94326 5.31533
176 50.001 3.39803 4.73632 5.95423
177 50.001 4.54563 5.35568 5.94328
178 50.001 3.76651 5.5114 6.71208
179 50.001 4.43447 4.49465 6.74497
180 50.001 3.839 4.56294 1.04035
181 50.001 4.31089 5.71555 0.936
182 50.001 3.61179 5.51779 1.72392
183 50.001 4.25847 4.74661 2.06077
184 50.001 3.36205 4.6193 2.57844
185 50.001 4.39364 5.51931 2.73631
186 50.001 3.32892 5.60129 3.5222
187 50.001 4.25095 4.62431 3.46006
188 50.001 3.15953 4.93622 4.33034
189 50.001 4.19031 5.46975 4.1434
190 50.001 3.60515 5.63839 5.26131
191 50.001 4.34912 4.73626 5.13525
192 50.001 5.0188 6.61322 6.07099
193 50.001 5.95388 0.386614 6.05008
194 50.001 5.19873 0.355467 0.108789
195 50.001 5.82134 6.32037 6.77632
196 50.001 5.05207 6.48699 0.993252
197 50.001 6.05521 0.385341 0.918179
198 50.001 5.18357 0.529385 1.63041
199 50.001 5.87329 6.50783 1.72445
200 50.001 5.11055 6.42631 2.52791
201 50.001 5.77459 0.354376 2.66076
202 50.001 4.95055 0.116119 3.40515
203 50.001 6.02123 6.25659 3.43386
204 50.001 4.72568 6.30252 4.31511
205 50.001 5.89619 0.502215 4.13267
206 50.001 5.16492 0.398196 4.96717
207 50.001 6.10458 6.38702 5.41934
208 50.001 5.18104 1.32086 5.90118
209 50.001 6.01756 1.95255 5.91075
210 50.001 5.06018 2.08932 0.115981
211 50.001 5.83089 1.19014 0.106629
212 50.001 4.98221 1.30345 0.875459
213 50.001 6.02873 2.02756 0.716149
214 50.001 5.03768 2.0304 1.72962
215 50.001 5.84759 1.26703 2.03328
216 50.001 4.97788 1.00784 2.52806
217 50.001 6.25977 2.25539 2.5952
218 50.001 5.14801 1.97426 3.11521
219 50.001 6.06409 1.35639 3.27713
220 50.001 5.11019 1.39467 4.13649
221 50.001 6.08565 1.99551 4.20424
222 50.001 5.21097 2.07803 4.96217
223 50.001 5.97055 1.20145 5.0106
224 50.001 5.09652 3.00839 6.14913
225 50.001 6.15367 3.81363 6.24608
226 50.001 5.27336 3.84132 0.0146661
227 50.001 5.90573 2.81752 6.72424
228 50.001 5.19215 2.80141 0.963253
229 50.001 6.12369 3.92126 0.722586
230 50.001 4.98301 3.70894 1.77884
231 50.001 6.05785 2.73419 1.6825
232 50.001 5.14364 2.8326 2.43709
233 50.001 5.83427 3.71281 2.56356
234 50.001 4.98127 3.77201 3.38054
235 50.001 5.89249 2.95819 3.32704
236 50.001 5.11533 2.69135 4.09946
237 50.001 5.89384 3.45734 4.38623
238 50.001 4.98941 3.83554 5.20578
239 50.001 5.98525 3.07665 5.395
240 50.001 5.24013 4.49303 5.996
241 50.001 5.75598 5.48479 6.05383
242 50.001 5.0653 5.64258 0.0636649
243 50.001 5.7867 4.75971 0.0891409
244 50.001 5.0344 4.72343 1.10325
245 50.001 5.91483 5.6264 0.910677
246 50.001 5.12357 5.51881 1.81983
247 50.001 6.07997 4.69256 1.70246
248 50.001 5.17021 4.66066 2.78073
249 50.001 5.91671 5.42312 2.56753
250 50.001 5.14691 5.63699 3.68904
251 50.001 6.04636 4.4106 3.44479
252 50.001 5.13542 4.69966 4.125
253 50.001 6.22626 5.30721 4.24546
254 50.001 5.43775 5.62686 4.90787
255 50.001 5.82996 4.54881 4.97392
0 60.001 6.77714 0.115582 6.41271
1 60.001 0.8155 0.850135 6.32582
2 60.001 6.78904 0.908652 0.293717
3 60.001 0.751409 0.0385069 0.364064
4 60.001 6.72649 6.68804 1.10066
5 60.001 0.769277 0.945574 1.07757
6 60.001 6.66112 0.714883 1.81637
7 60.001 0.708457 0.13814 2.0077
8 60.001 6.53349 0.398624 2.90037
9 60.001 0.720433 0.974517 2.87875
10 60.001 6.76003 0.826782 3.85215
11 60.001 0.578414 6.77146 3.57188
12 60.001 6.62178 6.76327 4.38434
13 60.001 0.620586 0.607688 4.63013
14 60.001 6.73384 0.781387 5.54924
15 60.001 0.678316 0.0142247 5.54271
16 60.001 6.50349 1.73774 6.33382
17 60.001 0.815802 2.46667 6.37797
18 60.001 6.71318 2.46058 0.432857
19 60.001 0.808273 1.70961 0.260458
20 60.001 6.5407 1.65324 1.05629
21 60.001 0.749996 2.46738 1.10633
22 60.001 6.61175 2.40421 2.06509
23 60.001 0.768229 1.67999 1.95717
24 60.001 6.73309 1.68444 2.89226
25 60.001 0.620785 2.55275 2.89582
26 60.001 6.75739 2.55935 3.74502
27 60.001 0.587518 1.69297 3.82258
28 60.001 6.75248 1.78479 4.80161
29 60.001 0.680008 2.59329 4.62615
30 60.001 6.7549 2.62778 5.44548
31 60.001 0.729278 1.7389 5.56897
32 60.001 6.68924 3.37759 6.4034
33 60.001 0.585041 4.30756 6.26648
34 60.001 6.67424 4.26244 0.218691
35 60.001 0.718331 3.50791 0.352512
36 60.001 6.81784 3.2932 1.17851
37 60.001 0.544348 4.30709 1.20669
38 60.001 6.60773 4.12171 1.999
39 60.001 0.743693 3.26034 1.92055
40 60.001 6.65611 3.37 2.97209
41 60.001 0.540891 4.30387 2.7399
42 60.001 6.72071 4.22748 3.81411
43 60.001 0.748576 3.28436 3.74311
44 60.001 6.74333 3.39451 4.46762
45 60.001 0.672999 4.19517 4.64805
46 60.001 6.68757 4.20058 5.47865
47 60.001 0.607756 3.39248 5.57722
48 60.001 6.66309 5.09449 6.21025
49 60.001 0.650346 6.12534 6.37858
50 60.001 6.70335 5.89027 0.27004
51 60.001 0.570848 5.05221 0.180863
52 60.001 6.76332 5.08985 1.0853
53 60.001 0.676767 5.91488 1.38208
54 60.001 6.53438 5.89025 1.78729
55 60.001 0.450745 5.14345 2.11486
56 60.001 6.61749 5.10034 3.02806
57 60.001 0.385164 6.07546 2.70212
58 60.001 6.40922 5.93878 3.77318
59 60.001 0.65277 5.50767 3.55408
60 60.001 0.00205177 5.01895 4.52724
61 60.001 0.591827 6.04348 4.56862
62 60.001 6.75474 5.97865 5.45582
63 60.001 0.792914 5.04545 5.40898
64 60.001 1.4706 0.00510273 6.24004
65 60.001 2.30116 0.785639 6.26091
66 60.001 1.51503 0.862393 0.235921
67 60.001 2.296 0.0743318 0.251407
68 60.001 1.57274 0.00185445 1.17211
69 60.001 2.39026 0.78601 1.11753
70 60.001 1.54438 0.925312 2.117
71 60.001 2.41496 6.81429 2.2437
72 60.001 1.60801 0.191592 3.05783
73 60.001 2.52709 0.771698 3.20078
74 60.001 1.44251 0.96717 3.74244
75 60.001 2.45925 6.66639 4.10826
76 60.001 1.47068 0.0442387 4.61413
77 60.001 2.35042 0.934164 4.57708
78 60.001 1.47687 0.847503 5.42077
79 60.001 2.27483 0.103046 5.3431
80 60.001 1.52533 1.65998 6.29145
81 60.001 2.47814 2.65425 6.50038
82 60.001 1.62662 2.51008 0.415859
83 60.001 2.32927 1.63456 0.366287
84 60.001 1.60602 1.66264 1.26785
85 60.001 2.75167 2.58171 1.28096
86 60.001 1.5943 2.54921 2.20776
87 60.001 2.40285 1.62346 1.95002
88 60.001 1.66671 1.62508 2.90211
89 60.001 2.43143 2.94638 3.04087
90 60.001 1.47391 2.37026 3.66114
91 60.001 2.55817 1.87845 3.81751
92 60.001 1.36725 1.61577 4.71827
93 60.001 2.21403 2.63492 4.62786
94 60.001 1.47679 2.71181 5.57971
95 60.001 2.2943 1.74343 5.37491
96 60.001 1.49175 3.36038 6.44779
97 60.001 2.50104 4.24259 6.4934
98 60.001 1.61738 4.3936 0.287745
99 60.001 2.35409 3.59539 0.452193
100 60.001 1.69457 3.34708 1.33652
101 60.001 2.3196 4.27471 1.31239
102 60.001 1.23866 4.27809 1.97009
103 60.001 2.54895 3.47315 1.97246
104 60.001 1.40581 3.52881 2.81343
105 60.001 2.21547 4.24416 2.55087
106 60.001 1.57045 4.17663 3.78663
107 60.001 2.60068 3.9138 3.51936
108 60.001 1.46128 3.43406 4.7579
109 60.001 2.29946 4.26437 4.68823
110 60.001 1.52628 4.19483 5.49253
111 60.001 2.43363 3.47992 5.44851
112 60.001 1.55688 5.39997 6.2673
113 60.001 2.40419 6.16652 6.19204
114 60.001 1.48368 6.09468 0.211478
115 60.001 2.42873 5.38384 0.347793
116 60.001 1.6196 5.22608 1.26298
117 60.001 2.41289 6.05017 1.21444
118 60.001 1.57756 6.08711 2.06179
119 60.001 2.46392 5.18161 2.04809
120 60.001 1.4032 5.04426 2.88432
121 60.001 2.51971 5.94086 3.07251
122 60.001 1.58834 6.21244 3.77184
123 60.001 2.21353 5.05487 3.64739
124 60.001 1.37946 5.14522 4.45281
125 60.001 2.10497 5.87223 4.64938
126 60.001 1.24827 6.03172 5.4243
127 60.001 2.2012 5.14408 5.34826
128 60.001 3.25087 6.78563 6.3099
129 60.001 4.026 0.966358 6.42928
130 60.001 3.12496 0.850466 0.284697
131 60.001 4.15527 0.0425267 0.174972
132 60.001 3.19505 0.0640858 1.05339
133 60.001 4.15616 0.829295 1.018
134 60.001 3.21807 0.787884 2.26582
135 60.001 4.05428 6.77415 2.10148
136 60.001 3.50162 0.0512845 3.0337
137 60.001 4.18868 0.825414 2.84009
138 60.001 3.41838 0.809346 3.87838
139 60.001 4.21175 6.82065 3.82324
140 60.001 3.37592 6.79098 4.67474
141 60.001 4.07777 1.00026 4.77816
142 60.001 3.18276 0.93175 5.47971
143 60.001 4.17935 0.00771527 5.41703
144 60.001 2.98488 1.6973 6.25791
145 60.001 4.19137 2.49707 6.31896
146 60.001 3.4254 2.55252 0.277813
147 60.001 4.38079 1.7966 0.365781
148 60.001 3.44151 1.56046 1.05549
149 60.001 4.01607 2.52586 1.17289
150 60.001 3.51394 2.55259 2.10546
151 60.001 4.07051 1.47685 1.90309
152 60.001 3.4151 1.59047 3.00065
153 60.001 4.25437 2.52147 2.90517
154 60.001 3.16512 2.90722 3.82728
155 60.001 3.95833 1.81064 3.93442
156 60.001 3.17612 1.74335 4.76632
157 60.001 4.01573 2.64296 4.66301
158 60.001 3.2691 2.56395 5.61567
159 60.001 4.0676 1.92168 5.45999
160 60.001 3.23438 3.48397 6.27176
161 60.001 4.26299 4.11139 6.09179
162 60.001 3.53987 4.37102 0.0387666
163 60.001 4.19093 3.28757 0.200766
164 60.001 3.29781 3.51597 1.02644
165 60.001 4.24215 4.37948 1.3065
166 60.001 3.30157 4.38982 2.06994
167 60.001 4.23189 3.38276 1.85564
168 60.001 3.54206 3.44477 2.88977
169 60.001 4.27757 4.4705 3.02942
170 60.001 3.54556 4.22691 4.02681
171 60.001 4.28951 3.29164 3.77141
172 60.001 3.29108 3.53037 4.83279
173 60.001 4.12294 4.22134 4.99533
174 60.001 3.07556 4.46206 5.47663
175 60.001 4.16569 3.27599 5.52902
176 60.001 3.11364 5.36821 6.29559
177 60.001 4.06779 5.98932 6.35938
178 60.001 3.39651 5.98518 0.512768
179 60.001 4.11739 5.22039 0.418623
180 60.001 3.36542 5.09668 1.13222
181 60.001 4.21562 6.08175 1.22631
182 60.001 3.26004 6.06299 2.12262
183 60.001 4.21798 5.35459 2.02487
184 60.001 3.27504 4.98522 2.93779
185 60.001 4.20122 5.87637 2.99021
186 60.001 3.33854 5.88434 3.88268
187 60.001 4.21312 5.22916 4.08087
188 60.001 3.00778 5.07343 4.52846
189 60.001 4.23092 6.07605 4.70306
190 60.001 3.25156 6.02374 5.44756
191 60.001 3.89438 5.11679 5.58037
192 60.001 5.02141 6.73426 6.39051
193 60.001 5.7791 0.933658 6.22229
194 60.001 4.99227 0.835305 0.233567
195 60.001 5.92359 0.0737662 0.215071
196 60.001 5.19765 0.00248056 1.0829
197 60.001 5.88101 0.787025 1.10757
198 60.001 4.98822 0.769297 2.01464
199 60.001 5.82275 6.79099 2.20265
200 60.001 4.87012 0.0106169 2.94467
201 60.001 5.61922 0.879393 3.03009
202 60.001 4.97624 0.881887 4.00148
203 60.001 5.72508 0.0533726 3.70529
204 60.001 5.15083 6.7998 4.63398
205 60.001 5.84882 1.01722 4.68097
206 60.001 5.06885 0.673325 5.41862
207 60.001 5.99597 6.82128 5.67137
208 60.001 4.92993 1.70999 6.25563
209 60.001 5.77196 2.51725 6.38419
210 60.001 5.09244 2.56052 0.385854
211 60.001 5.75448 1.63101 0.259646
212 60.001 4.9204 1.5616 1.27391
213 60.001 5.76549 2.47195 1.21559
214 60.001 4.81108 2.40421 1.97283
215 60.001 5.92348 1.36659 2.06998
216 60.001 4.95116 1.71383 2.79234
217 60.001 5.98886 2.44887 2.92881
218 60.001 5.15189 2.39408 3.7098
219 60.001 5.99153 1.67277 3.73447
220 60.001 4.9611 1.82491 4.71554
221 60.001 5.77254 2.54961 4.67154
222 60.001 5.07962 2.5732 5.54355
223 60.001 5.88433 1.86729 5.48287
224 60.001 4.99731 3.30338 6.30175
225 60.001 5.91089 4.27051 6.28428
226 60.001 5.08641 4.57465 0.252353
227 60.001 5.81581 3.53072 0.279205
228 60.001 4.95654 3.72666 0.953249
229 60.001 5.99963 4.38513 1.07083
230 60.001 5.18194 4.21492 1.98886
231 60.001 5.86332 3.29461 1.87985
232 60.001 5.12458 3.29349 2.75629
233 60.001 5.82634 4.19786 2.84442
234 60.001 4.85465 4.20979 4.20783
235 60.001 5.90163 3.34593 3.70733
236 60.001 4.92349 3.34719 4.79716
237 60.001 5.97146 4.32294 4.55614
238 60.001 5.15936 4.21362 5.46755
239 60.001 6.05273 3.42318 5.36516
240 60.001 4.82073 5.08515 6.234
241 60.001 5.79229 6.00999 6.30691
242 60.001 4.91899 5.93389 0.244118
243 60.001 6.00401 5.08318 0.223349
244 60.001 5.03814 5.12713 1.20303
245 60.001 5.89786 5.94723 0.858642
246 60.001 5.07038 5.99011 2.00958
247 60.001 5.85198 5.09341 1.99792
248 60.001 5.075 5.14649 2.77551
249 60.001 5.93787 5.89969 2.86308
250 60.001 5.1272 5.99279 3.71909
251 60.001 5.76188 5.07189 3.75033
252 60.001 4.9748 5.24317 4.80275
253 60.001 5.80469 5.92489 4.60366
254 60.001 4.94901 6.02081 5.57304
255 60.001 5.90677 5.10882 5.31419
0 70.001 6.63664 0.147585 6.29566
1 70.001 0.792603 0.694409 6.43512
2 70.001 6.78776 0.749203 0.355592
3 70.001 0.840776 6.58353 0.336454
4 70.001 6.54447 6.59565 1.36854
5 70.001 0.561469 0.534004 1.15975
6 70.001 6.72035 0.737395 2.08679
7 70.001 0.932695 6.79679 2.1521
8 70.001 6.76861 0.121498 3.03794
9 70.001 0.778123 0.836032 2.93835
10 70.001 6.72143 1.2309 3.6679
11 70.001 1.07118 0.252009 3.85428
12 70.001 0.0223914 0.168361 4.23749
13 70.001 0.764124 1.02732 4.48209
14 70.001 0.0912152 0.932894 5.52577
15 70.001 0.921175 0.149925 5.3929
16 70.001 6.75777 1.8274 6.32476
17 70.001 0.962721 2.79686 6.43497
18 70.001 6.75095 2.64683 0.327882
19 70.001 0.81384 1.84554 0.546196
20 70.001 6.53434 1.97077 1.25082
21 70.001 0.734461 2.52332 1.35262
22 70.001 6.76559 2.93107 2.05711
23 70.001 0.64581 1.54534 1.91264
24 70.001 0.0585048 1.86644 2.81552
25 70.001 0.868443 2.54082 2.80911
26 70.001 6.78947 2.82978 3.9037
27 70.001 0.782818 1.98856 3.82239
28 70.001 6.54525 1.9309 4.62864
29 70.001 0.938921 2.65276 4.76835
30 70.001 6.65939 2.59981 5.64535
31 70.001 0.872225 1.89038 5.46744
32 70.001 0.1451 3.44434 6.26456
33 70.001 0.703995 4.44212 6.15675
34 70.001 6.81942 4.8391 0.297154
35 70.001 1.14636 3.52738 0.410139
36 70.001 6.52615 3.66908 1.23508
37 70.001 0.809887 4.59317 1.07473
38 70.001 0.00209564 4.25161 2.15155
39 70.001 0.804511 3.56713 1.90025
40 70.001 6.69396 3.47929 3.06866
41 70.001 0.773855 4.26332 3.12055
42 70.001 6.83678 4.43116 3.89296
43 70.001 0.920779 3.35449 3.80546
44 70.001 6.75722 3.64335 4.71467
45 70.001 1.01163 4.25755 4.46099
46 70.001 6.72676 4.33733 5.55331
47 70.001 0.805786 3.54204 5.36455
48 70.001 6.70276 5.36391 6.02324
49 70.001 0.738152 6.1841 6.18039
50 70.001 6.66307 6.09583 0.457373
51 70.001 0.886184 5.37291 0.0915025
52 70.001 6.81848 5.40999 1.2905
53 70.001 0.876307 6.01174 1.27565
54 70.001 0.0790789 6.21558 2.27104
55 70.001 0.94895 5.05248 2.1557
56 70.001 6.74626 5.01739 2.89218
57 70.001 0.832801 6.10738 3.14274
58 70.001 6.76995 5.62346 3.73431
59 70.001 1.03153 5.15182 3.74986
60 70.001 6.65246 5.04424 4.81177
61 70.001 0.800359 6.11582 4.40919
62 70.001 6.81552 6.40891 5.34091
63 70.001 0.825893 5.25376 5.37811
64 70.001 1.60664 0.0536859 6.40224
65 70.001 2.39635 0.932199 6.33808
66 70.001 1.6583 0.924173 0.553346
67 70.001 2.51414 0.0051137 0.466208
68 70.001 1.60556 0.0435602 1.18419
69 70.001 2.43183 0.940634 1.26948
70 70.001 1.52638 0.986433 2.0094
71 70.001 2.45524 0.0160509 1.98921
72 70.001 1.66733 6.82732 2.85914
73 70.001 2.2264 0.864492 2.86983
74 70.001 1.79431 1.05774 3.81715
75 70.001 2.4957 0.15459 3.80698
76 70.001 1.75528 0.266968 4.66997
77 70.001 2.56927 1.08478 4.61521
78 70.001 1.63909 1.16614 5.40923
79 70.001 2.52143 0.112575 5.58134
80 70.001 1.50471 1.58053 6.61867
81 70.001 2.2664 2.80799 6.51509
82 70.001 1.66838 2.58089 0.51729
83 70.001 2.45797 1.62664 0.334297
84 70.001 1.69986 1.90002 1.37675
85 70.001 2.63144 2.69103 1.10462
86 70.001 1.7138 2.72461 2.06606
87 70.001 2.59576 1.88532 2.04883
88 70.001 1.71465 1.8535 2.82656
89 70.001 2.5054 2.60489 2.96219
90 70.001 1.67876 2.5134 3.7557
91 70.001 2.59444 1.83759 3.84015
92 70.001 1.6926 1.86477 4.56731
93 70.001 2.55854 2.65082 4.7654
94 70.001 1.75623 2.78173 5.58753
95 70.001 2.53309 1.97109 5.5718
96 70.001 1.57333 3.70839 6.26035
97 70.001 2.47243 4.47512 6.20216
98 70.001 1.63424 4.55537 0.186232
99 70.001 2.43239 3.70508 0.189987
100 70.001 1.84809 3.61864 1.25764
101 70.001 2.49755 4.53671 1.11225
102 70.001 1.66204 4.22366 2.11301
103 70.001 2.80517 3.767 2.03682
104 70.001 1.70884 3.49122 2.84809
105 70.001 2.56916 4.29258 3.02389
106 70.001 1.87809 4.30186 3.77333
107 70.001 2.41348 3.28113 3.78997
108 70.001 1.77412 3.41168 4.72248
109 70.001 2.34739 4.49517 4.70951
110 70.001 1.58687 4.51477 5.42196
111 70.001 2.57254 3.55686 5.51063
112 70.001 1.61895 5.45055 6.2478
113 70.001 2.43781 6.12532 6.27178
114 70.001 1.76515 5.99678 0.345821
115 70.001 2.64106 5.29844 0.125711
116 70.001 1.6036 5.14196 1.24955
117 70.001 2.4306 5.89939 1.18128
118 70.001 1.76036 5.95268 2.23241
119 70.001 2.61513 5.24112 2.0326
120 70.001 1.83349 5.14007 2.85904
121 70.001 2.65129 6.04061 2.79902
122 70.001 1.94157 6.04304 3.62302
123 70.001 2.61633 5.20448 3.69869
124 70.001 1.73976 5.43821 4.58896
125 70.001 2.45765 6.25308 4.67824
126 70.001 1.64039 6.1461 5.3647
127 70.001 2.50049 5.29313 5.42134
128 70.001 3.42006 0.242091 6.311
129 70.001 4.15307 0.999105 6.31202
130 70.001 3.286 0.743874 0.50117
131 70.001 4.27859 0.158476 0.379839
132 70.001 3.29133 0.142524 1.34041
133 70.001 4.22742 0.910101 1.15539
134 70.001 3.4457 1.05618 2.00297
135 70.001 4.1365 0.0134648 2.13257
136 70.001 3.26095 0.441677 2.9199
137 70.001 4.18511 1.03511 2.83781
138 70.001 3.43458 1.06777 3.96012
139 70.001 4.24775 0.269624 3.68712
140 70.001 3.27106 0.169212 4.63466
141 70.001 4.12608 1.09779 4.85302
142 70.001 3.38454 1.04788 5.52516
143 70.001 4.18389 0.220146 5.47848
144 70.001 3.21071 1.58988 6.46621
145 70.001 4.35617 2.5278 6.41877
146 70.001 3.24119 2.58683 0.196737
147 70.001 3.97335 1.68152 0.31848
148 70.001 3.23517 1.73076 1.13121
149 70.001 4.16566 2.62212 1.33327
150 70.001 3.46588 2.55279 2.15727
151 70.001 4.31672 1.86825 2.21223
152 70.001 3.33 1.74491 2.99881
153 70.001 4.20466 2.41221 3.10917
154 70.001 3.38219 2.68102 3.89347
155 70.001 4.26833 1.88262 4.0286
156 70.001 3.41607 1.92608 4.82001
157 70.001 4.30455 2.63096 4.81804
158 70.001 3.51626 2.63634 5.69831
159 70.001 4.24556 1.8109 5.59825
160 70.001 3.39773 3.53853 6.37286
161 70.001 4.03162 4.51376 6.28014
162 70.001 3.35775 4.44448 0.309591
163 70.001 4.31693 3.55386 0.201687
164 70.001 3.32153 3.61299 0.967976
165 70.001 4.31858 4.38198 1.13954
166 70.001 3.44477 4.62582 1.91741
167 70.001 3.94237 3.61987 2.04754
168 70.001 3.30914 3.48251 3.05557
169 70.001 4.18073 4.18904 2.98594
170 70.001 3.3779 4.23183 3.78251
171 70.001 4.17839 3.41327 3.91725
172 70.001 3.35414 3.42 4.68119
173 70.001 4.16195 4.29695 4.60952
174 70.001 3.2777 4.36283 5.38049
175 70.001 4.13856 3.50436 5.46088
176 70.001 3.35772 5.38193 6.11404
177 70.001 4.26557 6.14398 6.23669
178 70.001 3.30395 6.18479 0.0851548
179 70.001 4.13531 5.30034 0.179889
180 70.001 3.43022 5.26096 1.05517
181 70.001 4.05923 6.13405 0.927911
182 70.001 3.42424 5.992 1.94998
183 70.001 4.20924 5.26659 2.30065
184 70.001 3.36074 5.01789 2.97842
185 70.001 4.00128 6.0185 2.97484
186 70.001 3.2208 6.07927 3.80023
187 70.001 4.12654 5.26357 3.82509
188 70.001 3.22099 5.10224 4.54421
189 70.001 4.13604 6.26051 4.40969
190 70.001 3.39145 6.28294 5.45167
191 70.001 4.26387 5.13856 5.36468
192 70.001 5.04071 0.192806 6.30695
193 70.001 5.95389 0.989955 6.28809
194 70.001 5.0377 1.13648 0.0287409
195 70.001 5.83081 0.0421418 0.285264
196 70.001 4.91458 6.68791 1.38322
197 70.001 5.8476 0.621682 1.29723
198 70.001 5.02982 0.789769 1.99724
199 70.001 5.81891 0.0191698 2.18395
200 70.001 4.95707 6.8342 2.93236
201 70.001 5.90577 0.859589 2.99159
202 70.001 5.05875 0.969389 3.7555
203 70.001 5.81195 0.20593 3.85979
204 70.001 4.99168 0.266163 4.64307
205 70.001 5.89201 0.923939 4.66792
206 70.001 5.08928 0.940021 5.52897
207 70.001 5.84222 0.145895 5.48879
208 70.001 5.27008 1.98321 6.22744
209 70.001 5.84319 2.9021 6.53211
210 70.001 4.9186 2.22906 0.47792
211 70.001 5.93473 1.82864 0.206221
212 70.001 5.27552 1.87747 1.53705
213 70.001 5.76565 2.72791 1.34142
214 70.001 4.93247 2.65866 2.14525
215 70.001 6.05446 1.59683 2.23225
216 70.001 5.16617 1.7655 2.89666
217 70.001 5.89659 2.63997 2.9298
218 70.001 5.19483 2.67627 4.01752
219 70.001 5.79523 1.78812 3.79125
220 70.001 5.03418 1.71262 4.76599
221 70.001 6.01357 2.83795 4.82098
222 70.001 5.11764 2.73241 5.50688
223 70.001 5.9402 1.6943 5.47099
224 70.001 5.32935 3.25246 0.503699
225 70.001 5.87013 4.7064 6.1017
226 70.001 4.87317 4.41619 0.0462508
227 70.001 6.05112 3.91243 6.72911
228 70.001 4.86132 3.45231 1.46031
229 70.001 5.50837 4.25845 0.916352
230 70.001 4.8972 4.30087 2.16095
231 70.001 5.75041 3.46638 2.2419
232 70.001 4.88755 3.22449 3.12007
233 70.001 5.66432 4.27377 3.09374
234 70.001 5.01019 4.34879 3.88575
235 70.001 5.94094 3.52676 3.92167
236 70.001 5.0935 3.5027 4.71737
237 70.001 5.81343 4.35436 4.5994
238 70.001 4.97649 3.50132 6.29036
239 70.001 5.90289 3.59899 5.69106
240 70.001 4.92402 5.33551 6.08028
241 70.001 5.99007 6.06702 6.46228
242 70.001 4.99233 5.85883 0.466049
243 70.001 5.7915 4.95974 0.270669
244 70.001 4.73917 5.2879 1.39011
245 70.001 5.71484 5.89615 1.34028
246 70.001 5.0007 6.0504 2.29024
247 70.001 5.8981 5.43319 2.38067
248 70.001 5.05052 5.11934 3.01351
249 70.001 5.82974 6.21479 3.16225
250 70.001 4.97579 6.22526 3.82734
251 70.001 4.94724 5.24249 4.51694
252 70.001 5.00491 4.31763 5.55003
253 70.001 5.74705 6.10275 4.4931
254 70.001 4.91826 6.10042 5.30425
255 70.001 5.86955 5.54023 5.44618
0 80 0.293896 0.47956 6.47967
1 80 1.12673 0.972541 0.13667
2 80 0.16136 1.03088 0.63774
3 80 0.6751 0.0283482 0.565474
4 80 0.106403 0.192616 1.58711
5 80 0.991556 1.3126 1.22891
6 80 6.7654 1.28492 2.34655
7 80 1.0462 0.53233 2.24083
8 80 0.104099 0.408482 2.88077
9 80 1.09719 1.3318 3.01965
10 80 6.83388 1.29579 3.74922
11 80 0.809255 0.43939 3.6649
12 80 6.69764 0.582337 4.53998
13 80 1.03409 0.838208 4.63408
14 80 0.208654 1.20314 5.48222
15 80 1.07143 0.66481 5.7012
16 80 0.802427 1.81967 6.27352
17 80 0.689068 2.88398 6.7032
18 80 6.39977 3.17106 0.292251
19 80 0.561839 1.99256 0.444595
20 80 0.17103 2.26467 1.44882
21 80 1.00669 2.81789 1.14922
22 80 6.6017 3.13327 2.27088
23 80 0.906971 2.41436 2.4402
24 80 0.0497854 2.15185 2.97989
25 80 0.889483 3.31291 3.04036
26 80 0.00820688 3.02832 3.80313
27 80 0.694549 2.16865 3.84153
28 80 6.83754 2.22735 4.68758
29 80 0.88191 2.99931 4.55619
30 80 0.22727 2.96026 5.45759
31 80 0.958666 1.99758 5.01206
32 80 0.044433 3.71419 6.19747
33 80 0.654266 4.98104 6.52227
34 80 0.188038 4.87395 0.600161
35 80 1.12583 3.74892 0.517794
36 80 0.0223455 3.40907 1.20629
37 80 1.33564 4.88266 1.07706
38 80 6.40752 4.40937 1.62947
39 80 0.619488 4.02339 2.26559
40 80 6.71698 3.86153 3.13392
41 80 0.969136 5.11522 2.95151
42 80 0.117469 4.92591 4.11732
43 80 0.733737 3.9734 3.8118
44 80 0.145834 3.8716 4.72955
45 80 1.07978 4.83588 4.70857
46 80 0.214465 4.91171 5.49683
47 80 1.15804 3.85367 5.19196
48 80 6.33182 5.24231 6.60176
49 80 0.232684 6.06216 6.42958
50 80 0.0518648 5.90453 0.651112
51 80 1.13665 5.82103 0.292105
52 80 0.330625 5.1933 1.71208
53 80 1.23737 6.51001 1.40548
54 80 5.98767 6.22095 2.83755
55 80 1.40738 5.66229 2.06781
56 80 0.21238 5.86879 3.01618
57 80 1.12376 6.49122 2.81931
58 80 0.194753 6.48814 3.93121
59 80 0.924419 5.5935 3.84613
60 80 0.213562 5.79698 4.75253
61 80 0.974439 6.55011 4.65512
62 80 0.238062 6.61544 5.49219
63 80 0.953301 5.87488 5.67523
64 80 1.26327 6.66366 6.45479
65 80 2.73813 1.37365 6.41458
66 80 1.98664 0.667422 6.3458
67 80 2.82067 0.691289 0.389304
68 80 1.90135 0.696817 1.55088
69 80 2.80968 1.24911 1.31967
70 80 1.76144 1.64522 1.98904
71 80 2.76391 0.624522 2.22486
72 80 1.91757 0.450295 3.24593
73 80 2.83163 1.17705 3.19391
74 80 2.1046 1.38794 4.13369
75 80 2.81628 0.429066 3.96331
76 80 1.92411 0.347441 4.55049
77 80 2.96143 1.22405 4.81726
78 80 1.95276 1.34879 5.26651
79 80 2.86881 0.411093 5.61399
80 80 1.67697 2.18207 0.0610577
81 80 2.34887 2.98324 0.458353
82 80 2.05769 2.45754 1.297
83 80 2.74149 1.94854 0.442376
84 80 1.96901 1.30394 0.676286
85 80 3.10596 3.13658 1.47753
86 80 1.72588 3.40256 2.28389
87 80 2.89214 2.2247 2.01417
88 80 1.8319 2.22116 3.13712
89 80 2.94983 3.00935 2.78462
90 80 1.71953 3.04599 3.90293
91 80 2.68225 2.29217 3.92442
92 80 2.14846 2.40289 4.93599
93 80 2.88045 3.17829 4.60804
94 80 1.35309 2.65627 5.91696
95 80 2.44448 2.50115 6.19863
96 80 1.78791 3.45564 6.49518
97 80 2.65706 4.73184 6.36791
98 80 1.7205 4.67986 0.0654883
99 80 2.77644 3.91093 0.404147
100 80 1.96868 3.86673 1.20971
101 80 2.44632 4.7781 0.949832
102 80 1.72982 4.55497 2.16005
103 80 2.68215 4.13604 2.02048
104 80 1.77396 4.05396 3.31152
105 80 2.56785 4.71745 2.95835
106 80 1.80915 4.97931 4.02465
107 80 2.76898 3.6796 3.70292
108 80 1.97081 3.90517 4.50559
109 80 2.6512 4.76376 4.90695
110 80 1.82602 4.7701 5.53785
111 80 2.26498 3.40068 5.47701
112 80 1.84382 5.66277 6.21808
113 80 2.65561 6.57223 6.59771
114 80 1.9019 0.0436706 0.525044
115 80 2.51807 5.60432 0.201364
116 80 1.98313 5.8275 1.11559
117 80 2.74838 6.72959 1.21457
118 80 2.13109 6.5484 2.02758
119 80 2.48118 5.5724 2.09127
120 80 1.87946 5.65928 2.98428
121 80 2.59322 6.46143 3.00035
122 80 1.70695 6.39695 3.81248
123 80 2.57237 5.78635 3.97992
124 80 1.86079 5.80873 4.84848
125 80 2.73522 6.485 4.78362
126 80 1.87237 6.67768 5.51869
127 80 2.71051 5.50483 5.62894
128 80 3.60684 0.501216 6.57142
129 80 4.61723 1.26561 6.43647
130 80 3.7402 1.32085 0.441614
131 80 4.49015 0.371687 0.590587
132 80 3.64811 0.447926 1.37947
133 80 4.48895 1.15828 1.39261
134 80 3.56313 1.27764 2.29374
135 80 4.39845 0.416532 2.35078
136 80 3.62197 0.427728 3.00442
137 80 4.43608 1.27723 3.12117
138 80 3.57075 1.32041 3.88297
139 80 4.55769 0.468051 3.92121
140 80 3.75392 0.423324 4.74826
141 80 4.40314 1.37059 4.74457
142 80 3.69311 1.12949 5.69242
143 80 4.53925 0.48656 5.58215
144 80 3.69737 1.99432 6.37881
145 80 4.22003 2.92598 6.25374
146 80 3.48905 2.8695 0.403152
147 80 4.43696 2.22884 0.278583
148 80 3.66884 1.99252 1.33391
149 80 4.26749 2.79929 1.12555
150 80 3.83869 3.08537 2.18348
151 80 4.40373 2.05188 2.08377
152 80 3.31293 2.05901 2.9742
153 80 4.61365 3.08136 3.1094
154 80 3.64206 2.95779 3.68259
155 80 4.31014 2.13537 3.92599
156 80 3.46794 2.13951 4.75121
157 80 4.19421 2.91838 4.75621
158 80 3.33254 2.88218 5.722
159 80 4.20519 2.15409 5.51832
160 80 3.62804 3.77638 6.44366
161 80 4.35532 4.69135 6.51678
162 80 3.45906 4.73854 0.567905
163 80 4.32692 3.59634 0.384817
164 80 3.89966 3.90233 1.30303
165 80 4.26241 4.93398 1.58951
166 80 3.43555 4.93825 2.35658
167 80 4.48785 4.0257 2.29475
168 80 3.61786 3.86047 2.98064
169 80 4.24663 4.73903 3.15765
170 80 3.46003 4.68685 3.94322
171 80 4.30859 3.81438 3.83393
172 80 3.48312 3.99435 4.75282
173 80 4.29888 4.67876 4.57708
174 80 3.47371 4.70942 5.64532
175 80 4.39155 3.85702 5.46708
176 80 3.62735 5.55739 6.46188
177 80 4.46335 6.25166 6.60139
178 80 3.58766 6.60047 0.461356
179 80 4.27733 5.46725 0.655906
180 80 3.38855 5.74551 1.38375
181 80 4.34496 6.51214 1.48126
182 80 3.18672 6.50672 2.10773
183 80 4.08444 5.80562 2.38115
184 80 3.25559 5.52677 3.24423
185 80 4.36547 6.45945 3.19221
186 80 3.62736 6.40653 3.93013
187 80 4.38534 5.6034 3.86838
188 80 3.34165 5.57208 4.79263
189 80 4.45115 6.50133 4.7864
190 80 3.67648 6.44724 5.73996
191 80 4.44473 5.49937 5.67876
192 80 5.27525 0.160164 6.56736
193 80 6.28723 1.16024 6.58641
194 80 5.43366 0.961717 0.529484
195 80 6.21129 0.219935 0.596699
196 80 5.22486 0.332595 1.45806
197 80 6.06679 1.28382 1.53651
198 80 5.15514 1.25971 2.18317
199 80 6.00809 0.424496 2.23486
200 80 5.22646 0.508819 3.12146
201 80 6.01441 1.38494 3.02762
202 80 5.17291 1.43334 4.05857
203 80 6.04565 0.00868395 3.66771
204 80 5.3262 0.451359 4.73242
205 80 6.05196 1.41482 4.67122
206 80 5.26224 1.30895 5.58317
207 80 6.05647 0.445444 5.46308
208 80 5.40882 2.21319 6.54735
209 80 6.61436 2.18093 6.51831
210 80 5.13952 3.03617 0.422992
211 80 6.19215 1.78056 0.643283
212 80 5.20754 1.91736 1.13539
213 80 5.86302 2.91885 1.30091
214 80 5.05771 2.82961 1.88631
215 80 5.81908 2.19642 2.17402
216 80 5.12012 2.18063 3.07203
217 80 5.93623 2.91026 3.15342
218 80 5.09883 3.04147 4.1148
219 80 5.92533 2.19783 3.95515
220 80 5.20398 2.18751 4.76984
221 80 6.10258 2.94356 4.88568
222 80 5.18525 2.8067 5.6314
223 80 6.18222 1.96652 5.55124
224 80 4.9947 3.731 6.33056
225 80 5.625 4.50426 6.772
226 80 4.82223 4.45103 0.661346
227 80 5.91522 3.9431 0.829174
228 80 5.01107 3.71486 1.31175
229 80 5.39701 4.68805 1.62677
230 80 5.2274 4.81475 2.61203
231 80 5.65677 3.7516 2.07619
232 80 5.35409 3.86442 3.21753
233 80 6.05059 4.80455 3.25152
234 80 5.19998 4.78865 3.87625
235 80 6.0806 3.71217 4.10918
236 80 5.24402 3.91829 4.66836
237 80 6.02609 4.72005 4.75925
238 80 6.09927 2.99101 6.06583
239 80 6.06439 3.9182 5.42865
240 80 5.22168 5.48407 6.4836
241 80 5.95614 6.23595 6.75854
242 80 5.17545 6.3924 0.669958
243 80 5.63085 5.25118 0.709799
244 80 5.03161 5.6484 1.62
245 80 6.00285 6.4523 1.48651
246 80 5.05768 6.52836 2.30042
247 80 6.05901 5.33318 2.16279
248 80 5.064 5.75936 2.99894
249 80 6.1447 5.65807 4.02999
250 80 5.17172 6.31296 3.93796
251 80 5.21502 5.63639 4.83295
252 80 5.23779 4.69988 5.61875
253 80 6.06352 6.46281 4.7732
254 80 5.23955 6.36134 5.60409
255 80 6.1194 5.61569 5.60272
0 90 0.385888 0.414015 6.56278
1 90 0.597617 0.723293 1.01053
2 90 0.401123 1.49683 0.151385
3 90 0.430506 6.3225 0.248836
4 90 0.0138451 1.08546 1.96253
5 90 1.38513 1.61422 1.08941
6 90 0.860982 1.60769 2.25148
7 90 1.3001 0.460155 1.95059
8 90 0.31732 0.909747 3.04865
9 90 1.52851 1.22331 3.02885
10 90 0.23429 1.58476 4.00138
11 90 1.01467 0.659289 3.9348
12 90 0.209076 0.445249 4.73484
13 90 0.706682 3.74063 5.35182
14 90 1.00036 1.30599 4.82261
15 90 1.13015 0.548222 5.70162
16 90 1.31299 1.45637 6.29862
17 90 2.12735 3.25153 0.368003
18 90 0.311087 3.32214 0.447786
19 90 0.739247 2.4341 6.13521
20 90 0.177948 1.91052 1.17469
21 90 1.26534 2.30572 0.197378
22 90 0.0891121 2.56336 2.21045
23 90 1.65076 2.27261 2.05616
24 90 1.00424 2.42586 3.02395
25 90 1.78984 3.1156 2.69074
26 90 0.766711 3.49622 2.57588
27 90 1.29664 2.02428 4.0439
28 90 6.36737 2.44347 5.95959
29 90 0.827367 2.92691 4.16971
30 90 1.23239 3.39273 6.67495
31 90 1.52575 2.34113 5.13282
32 90 0.278555 3.98098 6.31416
33 90 1.27301 4.69162 5.77323
34 90 6.47067 5.38119 0.0151077
35 90 0.38825 4.52619 1.16192
36 90 0.976674 2.72156 1.22127
37 90 1.39539 5.02455 1.10252
38 90 1.16144 3.67196 0.830945
39 90 1.37464 4.09472 1.94284
40 90 0.127928 4.44419 2.44694
41 90 0.0103173 5.95273 2.88656
42 90 0.491867 5.09605 3.61779
43 90 1.20765 4.57427 2.96284
44 90 0.481322 4.11259 4.05778
45 90 1.23057 4.73246 4.58613
46 90 0.362491 4.93151 5.22173
47 90 1.75258 3.65318 5.27589
48 90 0.494664 5.31292 6.27144
49 90 1.15356 6.43652 6.31311
50 90 0.464209 5.72627 1.29258
51 90 1.36889 5.63144 0.154507
52 90 0.453077 6.71831 1.96958
53 90 1.23041 6.53385 1.06277
54 90 6.03157 6.75332 2.87868
55 90 1.30472 6.2127 2.17554
56 90 1.03321 5.19256 2.05221
57 90 1.0876 0.0819581 3.03936
58 90 0.0346006 6.69907 3.79721
59 90 0.978416 6.10968 3.87316
60 90 0.283561 5.78397 4.55856
61 90 1.21278 6.63322 4.79311
62 90 0.233419 6.59564 5.59188
63 90 1.14211 5.65723 5.34158
64 90 1.32948 0.5699 0.257819
65 90 2.91621 2.18241 5.52584
66 90 2.16597 0.482696 6.35599
67 90 2.9018 0.604417 0.35917
68 90 2.10509 0.551549 1.17916
69 90 2.69245 1.47869 1.24236
70 90 1.98774 1.29299 2.069
71 90 2.97129 0.664889 1.97031
72 90 2.07658 0.296699 2.72692
73 90 2.80275 1.23853 2.94452
74 90 1.98222 1.12264 4.0252
75 90 2.89374 0.367089 3.64035
76 90 2.02008 0.509603 4.93302
77 90 2.92034 1.03596 4.57538
78 90 2.13406 1.34971 5.60877
79 90 2.94561 0.367202 5.49554
80 90 2.04603 2.32399 6.19655
81 90 2.9106 2.13381 0.31861
82 90 2.12025 2.42075 0.996206
83 90 2.95467 1.37504 6.3619
84 90 2.01718 1.39783 0.211208
85 90 3.0509 3.1023 0.973257
86 90 1.86233 3.17255 1.64706
87 90 2.82344 2.45475 1.91735
88 90 2.06958 2.15123 3.111
89 90 2.84826 3.09234 2.9725
90 90 2.09566 2.9945 3.73155
91 90 3.03366 2.21521 3.5259
92 90 2.39988 2.06346 4.43206
93 90 2.62931 3.01572 4.80371
94 90 2.14476 3.985 6.30605
95 90 3.03367 3.05156 6.42372
96 90 1.05146 4.55587 0.0756975
97 90 2.90909 4.74616 6.16058
98 90 2.23438 4.85558 0.26197
99 90 2.85478 3.99562 0.30461
100 90 2.07768 4.19803 1.14681
101 90 2.93282 4.82238 1.02351
102 90 2.10692 5.03212 2.11056
103 90 2.94149 3.91016 1.82784
104 90 2.21495 4.2104 2.95565
105 90 3.06471 4.85505 2.66013
106 90 1.62167 5.14948 3.74648
107 90 3.06592 4.13209 3.8168
108 90 2.15385 4.2575 4.25893
109 90 2.9646 4.96944 4.55664
110 90 2.21462 4.85915 5.23751
111 90 2.8256 3.96137 5.38744
112 90 1.98503 5.616 6.07721
113 90 2.92137 6.47441 6.27376
114 90 1.93411 6.54631 0.284798
115 90 3.04502 5.57393 0.267346
116 90 2.26319 5.65054 0.971419
117 90 3.02274 6.5317 1.02051
118 90 2.28215 6.54108 1.79637
119 90 2.93 5.72901 1.82069
120 90 2.14121 5.96318 2.94414
121 90 3.01254 6.5563 2.55595
122 90 1.99598 6.66867 3.95407
123 90 2.73124 5.66336 3.78106
124 90 2.11012 5.80721 4.60473
125 90 2.94917 6.51448 4.56569
126 90 2.06183 6.45772 5.40206
127 90 2.91325 5.69818 5.46684
128 90 3.64948 0.506855 6.24729
129 90 4.60283 1.41152 6.37854
130 90 3.71018 1.36616 0.504002
131 90 4.51568 0.479743 0.366703
132 90 3.85446 0.596976 1.30267
133 90 4.70762 1.37544 1.15265
134 90 3.6832 1.50821 2.20674
135 90 4.92346 0.414433 1.87307
136 90 3.73866 0.558733 2.89201
137 90 4.38766 1.37729 3.06334
138 90 3.7214 1.45195 4.0725
139 90 4.42488 0.506906 3.79344
140 90 3.83809 0.434525 4.73826
141 90 4.57009 1.52134 4.77109
142 90 3.79894 1.46857 5.54414
143 90 4.58414 0.637557 5.60979
144 90 3.71328 2.24134 6.31473
145 90 4.50859 3.19148 6.29174
146 90 3.82323 3.13184 0.27476
147 90 4.50382 2.14786 0.289373
148 90 3.6663 2.21198 1.29092
149 90 4.48828 3.05178 1.15489
150 90 3.72543 3.15384 1.86834
151 90 4.54246 2.3197 1.88365
152 90 3.74566 2.54127 2.79218
153 90 4.53644 3.20871 2.69899
154 90 3.73074 3.20231 3.582
155 90 4.43234 2.38432 3.80682
156 90 3.4804 2.35471 4.61768
157 90 4.39697 3.09615 4.60052
158 90 3.64577 3.07406 5.43942
159 90 4.46501 2.35069 5.59215
160 90 3.8542 4.0657 6.08531
161 90 4.67148 4.90164 6.01781
162 90 3.80975 4.84302 0.0234176
163 90 4.55498 4.06775 0.143476
164 90 3.78842 4.02065 1.00245
165 90 4.44811 4.81158 0.853075
166 90 3.74368 4.78656 1.77347
167 90 4.61309 3.95138 1.96495
168 90 3.7788 3.97285 2.81946
169 90 4.52734 4.89273 2.7293
170 90 3.74728 4.97441 3.60522
171 90 4.58596 3.90955 3.76576
172 90 3.7439 4.11226 4.72879
173 90 4.61607 5.00478 4.41617
174 90 3.75553 4.96218 5.39926
175 90 4.62195 4.01471 5.37742
176 90 3.73867 5.6782 6.17018
177 90 4.57414 6.41225 6.22495
178 90 3.85452 6.52593 0.183802
179 90 4.54965 5.59693 0.0838065
180 90 3.88662 5.64382 1.04663
181 90 4.58356 6.57732 1.08654
182 90 3.76606 6.44901 1.80341
183 90 4.65076 5.69433 2.03282
184 90 3.75905 5.77922 2.63495
185 90 4.6236 6.60156 2.71687
186 90 3.72787 6.39573 3.66479
187 90 4.61666 5.74429 3.63227
188 90 3.7319 5.72012 4.52559
189 90 4.67897 6.54309 4.57479
190 90 3.74278 6.39516 5.35043
191 90 4.61117 5.74874 5.36358
192 90 5.66354 0.7428 6.40344
193 90 0.409105 1.25487 5.78873
194 90 5.50545 1.52493 0.314483
195 90 6.31535 0.522297 0.37802
196 90 5.37244 0.512739 0.916569
197 90 6.092 1.31646 1.27955
198 90 5.16705 1.51709 2.20595
199 90 5.91061 0.598207 2.15541
200 90 5.30382 0.71419 3.06509
201 90 6.18647 1.42441 3.06887
202 90 5.72217 2.08561 4.03629
203 90 6.15591 0.718754 3.91336
204 90 5.2325 0.613643 4.53096
205 90 6.32926 1.52211 4.90752
206 90 5.31881 1.51739 5.47882
207 90 6.20829 0.550448 5.45316
208 90 5.34299 2.26946 6.36464
209 90 6.5346 2.31866 0.320775
210 90 5.19306 3.13671 0.307181
211 90 6.03126 3.26121 1.03767
212 90 5.33097 2.27483 1.04488
213 90 0.285251 3.57744 1.65051
214 90 5.30946 3.11771 1.9194
215 90 5.98126 2.27765 2.02341
216 90 5.14026 2.24185 2.93981
217 90 6.24045 3.36048 2.44892
218 90 5.36593 3.03228 3.70429
219 90 6.65318 2.59613 3.29868
220 90 6.35626 2.7872 4.77306
221 90 6.47206 3.98465 4.55674
222 90 5.34853 3.06931 5.43044
223 90 0.33975 2.13246 5.06866
224 90 5.48184 3.9252 6.30834
225 90 6.267 4.596 6.07874
226 90 5.3867 4.80183 0.110468
227 90 6.45971 4.28167 0.425066
228 90 5.16388 3.91334 0.987302
229 90 6.24793 5.34347 1.13198
230 90 5.24519 4.75411 1.74665
231 90 6.14468 4.19152 1.76698
232 90 5.30414 3.96322 2.80415
233 90 5.85675 4.85059 2.55875
234 90 5.2087 4.74303 3.49322
235 90 6.22338 4.04577 3.40386
236 90 5.39942 4.25068 4.53693
237 90 6.15309 5.06202 4.32202
238 90 6.2368 3.31775 6.74226
239 90 6.4022 3.50236 5.57787
240 90 5.45789 5.66261 6.10981
241 90 6.25452 6.64475 6.30424
242 90 5.3663 6.49389 0.17446
243 90 6.3048 6.28715 0.691874
244 90 5.25327 5.58483 0.863313
245 90 6.47688 0.249181 1.33036
246 90 5.61547 6.46397 1.65001
247 90 6.4367 5.96258 1.95504
248 90 5.3207 5.76303 2.83777
249 90 6.16206 5.8538 3.65349
250 90 5.4184 6.61569 3.71185
251 90 5.416 5.78914 4.46377
252 90 5.53087 5.03789 5.29671
253 90 6.17978 6.5989 4.75687
254 90 5.3042 6.71507 5.52861
255 90 6.51389 5.63338 5.56452
0 100 6.79682 0.667152 5.23267
1 100 0.912191 1.06581 1.48233
2 100 0.456981 1.87061 1.02787
3 100 0.151449 6.37296 0.452775
4 100 6.58799 1.35991 1.66463
5 100 1.38634 2.49138 1.23691
6 100 0.77816 1.94434 2.08147
7 100 1.90557 6.6847 2.66153
8 100 0.248794 0.791366 3.15224
9 100 1.21332 1.02273 2.71266
10 100 0.800139 2.14207 4.63641
11 100 0.984082 1.35215 3.74222
12 100 6.05889 1.5217 4.75933
13 100 1.92418 3.6097 6.3135
14 100 0.407153 2.70175 5.39646
15 100 1.14196 0.724906 5.56004
16 100 0.506854 1.15769 6.50015
17 100 2.42724 3.22855 0.936312
18 100 1.51333 3.06175 0.372989
19 100 0.99459 1.78007 5.6878
20 100 6.57045 1.58329 0.131604
21 100 2.77243 3.97568 0.153077
22 100 6.23404 2.26245 1.01863
23 100 2.08826 2.9111 2.01431
24 100 0.813159 2.29135 3.162
25 100 2.13693 3.09659 3.24735
26 100 6.6482 2.59361 3.13319
27 100 1.96788 2.16764 5.03371
28 100 1.03299 2.11928 0.041456
29 100 0.219463 3.0787 4.47464
30 100 2.50766 3.63397 5.42947
31 100 0.982422 4.0777 5.95884
32 100 6.7345 3.97324 6.40659
33 100 1.17861 5.12714 6.06151
34 100 5.81109 5.95641 6.79229
35 100 0.387102 3.9367 1.66396
36 100 0.496897 3.00707 1.05959
37 100 0.900427 4.6566 0.99817
38 100 1.40173 3.54551 1.4479
39 100 2.22367 4.04011 2.28358
40 100 0.190446 2.8981 2.18116
41 100 6.82993 6.41022 3.48849
42 100 1.16825 5.06556 4.69178
43 100 0.671248 3.47204 3.40783
44 100 0.991875 3.93974 4.48928
45 100 1.67484 4.30713 5.21183
46 100 0.13731 4.83773 5.76791
47 100 1.47142 3.21064 5.27825
48 100 6.73978 5.89638 6.15879
49 100 1.0535 5.9917 6.63546
50 100 6.77511 5.561 1.38662
51 100 1.62113 6.00769 0.745408
52 100 0.856038 6.83225 2.28304
53 100 0.645147 6.26317 1.43541
54 100 5.84926 0.900203 3.24589
55 100 1.98582 5.44519 2.86317
56 100 0.722478 4.34727 2.60965
57 100 1.189 0.265759 3.45697
58 100 0.692841 0.200756 4.43439
59 100 1.90688 5.03889 3.89532
60 100 0.370851 5.96647 4.38792
61 100 1.45779 6.22101 4.68952
62 100 6.55131 6.40731 5.12736
63 100 0.75844 5.94508 5.49602
64 100 0.346537 0.611361 0.587578
65 100 2.74815 1.74095 5.69273
66 100 1.4132 0.12466 6.74082
67 100 3.40521 0.65844 0.53771
68 100 1.35233 0.191894 1.05215
69 100 2.60207 1.22411 1.03237
70 100 2.0256 1.77505 1.76438
71 100 2.00167 0.629318 1.89853
72 100 2.29297 6.53675 3.63594
73 100 2.62208 1.26634 2.6801
74 100 1.75023 2.15211 3.85533
75 100 2.1909 0.780074 3.55583
76 100 1.58797 1.03576 4.62707
77 100 2.61054 1.45144 4.50899
78 100 1.84353 1.40678 6.40129
79 100 2.20894 0.781401 5.53077
80 100 2.76263 2.73367 6.75992
81 100 3.44672 2.10004 0.538262
82 100 2.07218 2.03489 0.486624
83 100 2.88215 1.44531 6.75192
84 100 1.27002 1.19932 0.507951
85 100 3.26975 3.59156 1.64837
86 100 2.9678 3.50598 2.76352
87 100 2.83975 2.43646 2.63845
88 100 1.76609 1.99889 2.78729
89 100 3.37107 3.07189 3.63678
90 100 1.45459 3.04036 4.06746
91 100 2.77702 1.97 3.65085
92 100 2.46449 2.82758 4.30847
93 100 3.06375 2.66458 5.51289
94 100 2.40497 4.62604 6.19753
95 100 3.36114 3.49444 6.16621
96 100 0.886908 3.94014 0.120165
97 100 3.89994 5.44853 0.553298
98 100 1.75293 4.70037 0.397441
99 100 2.86027 5.01547 0.407523
100 100 2.42315 4.33889 1.16715
101 100 3.07318 4.75436 1.93581
102 100 1.74901 5.00014 1.90126
103 100 3.75889 4.24449 2.5695
104 100 1.43771 4.17421 3.37615
105 100 4.01271 4.07709 3.57235
106 100 0.657384 4.83571 3.72903
107 100 3.06627 4.05134 4.29678
108 100 2.04193 3.88284 4.1443
109 100 3.54564 4.98685 3.90767
110 100 1.9439 5.42961 5.41059
111 100 2.57245 4.88726 4.69253
112 100 2.45727 5.79532 6.42607
113 100 2.23779 0.578411 0.280056
114 100 3.00463 6.31652 0.408124
115 100 2.52138 5.52138 1.24545
116 100 1.6325 6.13323 1.79585
117 100 2.38368 6.68459 1.20625
118 100 2.89077 6.23504 2.20421
119 100 4.32025 5.10196 3.00998
120 100 3.0952 5.1954 2.89898
121 100 3.35637 0.0250318 4.17324
122 100 2.38843 0.22669 4.61292
123 100 2.61731 4.41278 3.42059
124 100 2.4822 5.9332 4.45661
125 100 2.94419 0.422004 6.21569
126 100 1.84949 6.39203 5.82529
127 100 2.85453 6.3109 5.47961
128 100 5.15266 0.766166 6.61973
129 100 4.64706 1.90982 6.05226
130 100 3.91738 1.34114 6.73393
131 100 4.70546 0.985624 0.731404
132 100 3.14311 0.639204 1.86654
133 100 4.97538 1.5323 2.11362
134 100 3.7759 1.38738 1.26868
135 100 3.86032 6.74419 2.41268
136 100 2.87431 0.218812 2.95033
137 100 3.94403 1.03853 2.7557
138 100 3.41836 1.0537 3.79999
139 100 4.16799 0.628058 4.57916
140 100 3.27073 0.511959 5.20298
141 100 4.44503 1.7986 4.07922
142 100 3.81469 1.45809 5.32183
143 100 4.80733 0.568693 5.63857
144 100 3.62146 2.2887 6.27773
145 100 4.48841 2.99551 6.25913
146 100 3.70903 3.41497 0.395542
147 100 4.41761 2.37046 0.199427
148 100 3.02758 2.52531 1.51114
149 100 4.91335 3.31182 0.609918
150 100 3.96503 3.11715 2.50712
151 100 4.30106 3.67654 1.44818
152 100 3.73012 1.89705 2.18505
153 100 4.90628 2.62199 2.55082
154 100 4.54182 2.78498 3.59274
155 100 3.73546 2.15663 3.22498
156 100 3.39213 2.321 4.53014
157 100 4.28089 2.63279 5.19709
158 100 3.62792 3.36878 4.95405
159 100 6.39286 3.08135 0.23268
160 100 4.28345 3.89391 5.66361
161 100 4.98914 4.32709 6.27509
162 100 4.16175 4.98766 5.772
163 100 3.6613 4.42268 6.62623
164 100 3.51166 4.32084 0.92753
165 100 4.57301 4.32301 0.568021
166 100 5.04969 4.4232 2.26089
167 100 5.37845 4.13499 1.25889
168 100 4.77984 3.61588 4.37307
169 100 5.78792 4.28526 2.98246
170 100 4.79481 3.66282 2.87554
171 100 5.93081 4.55091 4.08524
172 100 4.09869 4.37967 4.5959
173 100 4.99792 4.47374 3.66068
174 100 3.28706 4.36084 5.41465
175 100 5.16062 4.45844 5.07036
176 100 3.81504 5.79312 6.3519
177 100 4.8433 6.36914 6.25383
178 100 3.70477 6.34494 1.35399
179 100 5.07854 5.32631 0.484636
180 100 4.22194 4.89423 1.59083
181 100 4.43034 0.510926 1.77626
182 100 3.78703 5.66595 2.32412
183 100 4.7285 6.06607 1.74788
184 100 3.381 6.18552 3.28231
185 100 4.58941 6.14954 2.90968
186 100 4.13627 0.219836 3.46616
187 100 4.31388 6.02463 3.92063
188 100 3.49227 5.42102 4.89864
189 100 4.05698 6.47853 5.37546
190 100 4.04736 0.29722 6.30707
191 100 4.63227 5.41071 4.80537
192 100 5.90568 6.66525 5.91924
193 100 6.45166 2.05434 5.73096
194 100 5.49932 2.42045 0.138306
195 100 5.85324 0.177967 0.295585
196 100 5.27686 0.105673 1.14325
197 100 5.73672 1.15932 0.97116
198 100 4.84847 1.49142 3.16303
199 100 6.53914 0.140973 2.41984
200 100 5.03479 0.441689 2.78286
201 100 6.30767 1.69221 2.70589
202 100 5.33014 1.05405 4.12124
203 100 0.0108778 1.77939 3.9653
204 100 5.16296 6.81001 4.15835
205 100 5.13317 2.55145 4.43548
206 100 5.61639 1.35172 5.97634
207 100 5.76124 0.594499 5.17133
208 100 6.41936 0.677401 6.33169
209 100 0.771568 3.06387 6.39175
210 100 0.00751788 4.22338 0.725034
211 100 6.33027 3.4406 1.43674
212 100 4.10412 2.53713 1.37593
213 100 1.18171 3.37381 2.51488
214 100 5.84898 4.1067 0.255159
215 100 5.7065 0.748889 1.97397
216 100 5.16304 2.45253 1.29027
217 100 6.02529 2.45874 2.0604
218 100 5.58805 3.08251 3.42078
219 100 5.80415 2.00189 3.7165
220 100 4.84733 1.47501 5.0268
221 100 0.219403 3.81979 5.19892
222 100 5.50544 2.40331 5.83979
223 100 6.16267 2.58771 4.89655
224 100 5.29987 3.33333 5.40465
225 100 6.00538 5.00473 6.42905
226 100 5.57857 3.37725 6.42253
227 100 0.363453 4.93024 6.82448
228 100 6.27098 4.49101 1.78894
229 100 0.708591 5.72495 2.37896
230 100 5.48162 5.29242 1.52416
231 100 5.37523 3.40265 2.04039
232 100 6.66907 4.93424 2.91368
233 100 6.63434 3.74524 2.69037
234 100 0.161136 4.89737 4.66041
235 100 6.72004 4.00447 3.78359
236 100 6.0255 3.5844 4.58894
237 100 1.12554 5.95413 3.45056
238 100 1.96872 2.61602 5.99369
239 100 6.37749 3.18366 5.79985
240 100 5.24827 5.46323 5.92369
241 100 0.444681 0.10819 6.19977
242 100 4.63284 6.53483 0.39747
243 100 5.90984 6.12228 0.927076
244 100 6.24029 5.10957 0.618642
245 100 6.42357 0.248047 1.3736
246 100 5.63507 6.45745 2.06861
247 100 6.52555 5.89596 2.43992
248 100 5.60678 5.30804 2.64914
249 100 6.55624 5.40943 3.91596
250 100 5.59608 6.48613 3.15057
251 100 5.41083 5.68472 3.94536
252 100 5.92198 4.22376 5.78789
253 100 6.4015 0.411531 4.23091
254 100 5.46389 5.95748 5.06018
255 100 6.1259 5.18789 5.25759
