0 0 0 0 0
1 0 0.793701 0.793701 0
2 0 0 0.793701 0.793701
3 0 0.793701 0 0.793701
4 0 0 0 1.5874
5 0 0.793701 0.793701 1.5874
6 0 0 0.793701 2.3811
7 0 0.793701 0 2.3811
8 0 0 0 3.1748
9 0 0.793701 0.793701 3.1748
10 0 0 0.793701 3.9685
11 0 0.793701 0 3.9685
12 0 0 0 4.7622
13 0 0.793701 0.793701 4.7622
14 0 0 0.793701 5.5559
15 0 0.793701 0 5.5559
16 0 0 0 6.3496
17 0 0.793701 0.793701 6.3496
18 0 0 0.793701 7.1433
19 0 0.793701 0 7.1433
20 0 0 1.5874 0
21 0 0.793701 2.3811 0
22 0 0 2.3811 0.793701
23 0 0.793701 1.5874 0.793701
24 0 0 1.5874 1.5874
25 0 0.793701 2.3811 1.5874
26 0 0 2.3811 2.3811
27 0 0.793701 1.5874 2.3811
28 0 0 1.5874 3.1748
29 0 0.793701 2.3811 3.1748
30 0 0 2.3811 3.9685
31 0 0.793701 1.5874 3.9685
32 0 0 1.5874 4.7622
33 0 0.793701 2.3811 4.7622
34 0 0 2.3811 5.5559
35 0 0.793701 1.5874 5.5559
36 0 0 1.5874 6.3496
37 0 0.793701 2.3811 6.3496
38 0 0 2.3811 7.1433
39 0 0.793701 1.5874 7.1433
40 0 0 3.1748 0
41 0 0.793701 3.9685 0
42 0 0 3.9685 0.793701
43 0 0.793701 3.1748 0.793701
44 0 0 3.1748 1.5874
45 0 0.793701 3.9685 1.5874
46 0 0 3.9685 2.3811
47 0 0.793701 3.1748 2.3811
48 0 0 3.1748 3.1748
49 0 0.793701 3.9685 3.1748
50 0 0 3.9685 3.9685
51 0 0.793701 3.1748 3.9685
52 0 0 3.1748 4.7622
53 0 0.793701 3.9685 4.7622
54 0 0 3.9685 5.5559
55 0 0.793701 3.1748 5.5559
56 0 0 3.1748 6.3496
57 0 0.793701 3.9685 6.3496
58 0 0 3.9685 7.1433
59 0 0.793701 3.1748 7.1433
60 0 0 4.7622 0
61 0 0.793701 5.5559 0
62 0 0 5.5559 0.793701
63 0 0.793701 4.7622 0.793701
64 0 0 4.7622 1.5874
65 0 0.793701 5.5559 1.5874
66 0 0 5.5559 2.3811
67 0 0.793701 4.7622 2.3811
68 0 0 4.7622 3.1748
69 0 0.793701 5.5559 3.1748
70 0 0 5.5559 3.9685
71 0 0.793701 4.7622 3.9685
72 0 0 4.7622 4.7622
73 0 0.793701 5.5559 4.7622
74 0 0 5.5559 5.5559
75 0 0.793701 4.7622 5.5559
76 0 0 4.7622 6.3496
77 0 0.793701 5.5559 6.3496
78 0 0 5.5559 7.1433
79 0 0.793701 4.7622 7.1433
80 0 0 6.3496 0
81 0 0.793701 7.1433 0
82 0 0 7.1433 0.793701
83 0 0.793701 6.3496 0.793701
84 0 0 6.3496 1.5874
85 0 0.793701 7.1433 1.5874
86 0 0 7.1433 2.3811
87 0 0.793701 6.3496 2.3811
88 0 0 6.3496 3.1748
89 0 0.793701 7.1433 3.1748
90 0 0 7.1433 3.9685
91 0 0.793701 6.3496 3.9685
92 0 0 6.3496 4.7622
93 0 0.793701 7.1433 4.7622
94 0 0 7.1433 5.5559
95 0 0.793701 6.3496 5.5559
96 0 0 6.3496 6.3496
97 0 0.793701 7.1433 6.3496
98 0 0 7.1433 7.1433
99 0 0.793701 6.3496 7.1433
100 0 1.5874 0 0
101 0 2.3811 0.793701 0
102 0 1.5874 0.793701 0.793701
103 0 2.3811 0 0.793701
104 0 1.5874 0 1.5874
105 0 2.3811 0.793701 1.5874
106 0 1.5874 0.793701 2.3811
107 0 2.3811 0 2.3811
108 0 1.5874 0 3.1748
109 0 2.3811 0.793701 3.1748
110 0 1.5874 0.793701 3.9685
111 0 2.3811 0 3.9685
112 0 1.5874 0 4.7622
113 0 2.3811 0.793701 4.7622
114 0 1.5874 0.793701 5.5559
115 0 2.3811 0 5.5559
116 0 1.5874 0 6.3496
117 0 2.3811 0.793701 6.3496
118 0 1.5874 0.793701 7.1433
119 0 2.3811 0 7.1433
120 0 1.5874 1.5874 0
121 0 2.3811 2.3811 0
122 0 1.5874 2.3811 0.793701
123 0 2.3811 1.5874 0.793701
124 0 1.5874 1.5874 1.5874
125 0 2.3811 2.3811 1.5874
126 0 1.5874 2.3811 2.3811
127 0 2.3811 1.5874 2.3811
128 0 1.5874 1.5874 3.1748
129 0 2.3811 2.3811 3.1748
130 0 1.5874 2.3811 3.9685
131 0 2.3811 1.5874 3.9685
132 0 1.5874 1.5874 4.7622
133 0 2.3811 2.3811 4.7622
134 0 1.5874 2.3811 5.5559
135 0 2.3811 1.5874 5.5559
136 0 1.5874 1.5874 6.3496
137 0 2.3811 2.3811 6.3496
138 0 1.5874 2.3811 7.1433
139 0 2.3811 1.5874 7.1433
140 0 1.5874 3.1748 0
141 0 2.3811 3.9685 0
142 0 1.5874 3.9685 0.793701
143 0 2.3811 3.1748 0.793701
144 0 1.5874 3.1748 1.5874
145 0 2.3811 3.9685 1.5874
146 0 1.5874 3.9685 2.3811
147 0 2.3811 3.1748 2.3811
148 0 1.5874 3.1748 3.1748
149 0 2.3811 3.9685 3.1748
150 0 1.5874 3.9685 3.9685
151 0 2.3811 3.1748 3.9685
152 0 1.5874 3.1748 4.7622
153 0 2.3811 3.9685 4.7622
154 0 1.5874 3.9685 5.5559
155 0 2.3811 3.1748 5.5559
156 0 1.5874 3.1748 6.3496
157 0 2.3811 3.9685 6.3496
158 0 1.5874 3.9685 7.1433
159 0 2.3811 3.1748 7.1433
160 0 1.5874 4.7622 0
161 0 2.3811 5.5559 0
162 0 1.5874 5.5559 0.793701
163 0 2.3811 4.7622 0.793701
164 0 1.5874 4.7622 1.5874
165 0 2.3811 5.5559 1.5874
166 0 1.5874 5.5559 2.3811
167 0 2.3811 4.7622 2.3811
168 0 1.5874 4.7622 3.1748
169 0 2.3811 5.5559 3.1748
170 0 1.5874 5.5559 3.9685
171 0 2.3811 4.7622 3.9685
172 0 1.5874 4.7622 4.7622
173 0 2.3811 5.5559 4.7622
174 0 1.5874 5.5559 5.5559
175 0 2.3811 4.7622 5.5559
176 0 1.5874 4.7622 6.3496
177 0 2.3811 5.5559 6.3496
178 0 1.5874 5.5559 7.1433
179 0 2.3811 4.7622 7.1433
180 0 1.5874 6.3496 0
181 0 2.3811 7.1433 0
182 0 1.5874 7.1433 0.793701
183 0 2.3811 6.3496 0.793701
184 0 1.5874 6.3496 1.5874
185 0 2.3811 7.1433 1.5874
186 0 1.5874 7.1433 2.3811
187 0 2.3811 6.3496 2.3811
188 0 1.5874 6.3496 3.1748
189 0 2.3811 7.1433 3.1748
190 0 1.5874 7.1433 3.9685
191 0 2.3811 6.3496 3.9685
192 0 1.5874 6.3496 4.7622
193 0 2.3811 7.1433 4.7622
194 0 1.5874 7.1433 5.5559
195 0 2.3811 6.3496 5.5559
196 0 1.5874 6.3496 6.3496
197 0 2.3811 7.1433 6.3496
198 0 1.5874 7.1433 7.1433
199 0 2.3811 6.3496 7.1433
200 0 3.1748 0 0
201 0 3.9685 0.793701 0
202 0 3.1748 0.793701 0.793701
203 0 3.9685 0 0.793701
204 0 3.1748 0 1.5874
205 0 3.9685 0.793701 1.5874
206 0 3.1748 0.793701 2.3811
207 0 3.9685 0 2.3811
208 0 3.1748 0 3.1748
209 0 3.9685 0.793701 3.1748
210 0 3.1748 0.793701 3.9685
211 0 3.9685 0 3.9685
212 0 3.1748 0 4.7622
213 0 3.9685 0.793701 4.7622
214 0 3.1748 0.793701 5.5559
215 0 3.9685 0 5.5559
216 0 3.1748 0 6.3496
217 0 3.9685 0.793701 6.3496
218 0 3.1748 0.793701 7.1433
219 0 3.9685 0 7.1433
220 0 3.1748 1.5874 0
221 0 3.9685 2.3811 0
222 0 3.1748 2.3811 0.793701
223 0 3.9685 1.5874 0.793701
224 0 3.1748 1.5874 1.5874
225 0 3.9685 2.3811 1.5874
226 0 3.1748 2.3811 2.3811
227 0 3.9685 1.5874 2.3811
228 0 3.1748 1.5874 3.1748
229 0 3.9685 2.3811 3.1748
230 0 3.1748 2.3811 3.9685
231 0 3.9685 1.5874 3.9685
232 0 3.1748 1.5874 4.7622
233 0 3.9685 2.3811 4.7622
234 0 3.1748 2.3811 5.5559
235 0 3.9685 1.5874 5.5559
236 0 3.1748 1.5874 6.3496
237 0 3.9685 2.3811 6.3496
238 0 3.1748 2.3811 7.1433
239 0 3.9685 1.5874 7.1433
240 0 3.1748 3.1748 0
241 0 3.9685 3.9685 0
242 0 3.1748 3.9685 0.793701
243 0 3.9685 3.1748 0.793701
244 0 3.1748 3.1748 1.5874
245 0 3.9685 3.9685 1.5874
246 0 3.1748 3.9685 2.3811
247 0 3.9685 3.1748 2.3811
248 0 3.1748 3.1748 3.1748
249 0 3.9685 3.9685 3.1748
250 0 3.1748 3.9685 3.9685
251 0 3.9685 3.1748 3.9685
252 0 3.1748 3.1748 4.7622
253 0 3.9685 3.9685 4.7622
254 0 3.1748 3.9685 5.5559
255 0 3.9685 3.1748 5.5559
256 0 3.1748 3.1748 6.3496
257 0 3.9685 3.9685 6.3496
258 0 3.1748 3.9685 7.1433
259 0 3.9685 3.1748 7.1433
260 0 3.1748 4.7622 0
261 0 3.9685 5.5559 0
262 0 3.1748 5.5559 0.793701
263 0 3.9685 4.7622 0.793701
264 0 3.1748 4.7622 1.5874
265 0 3.9685 5.5559 1.5874
266 0 3.1748 5.5559 2.3811
267 0 3.9685 4.7622 2.3811
268 0 3.1748 4.7622 3.1748
269 0 3.9685 5.5559 3.1748
270 0 3.1748 5.5559 3.9685
271 0 3.9685 4.7622 3.9685
272 0 3.1748 4.7622 4.7622
273 0 3.9685 5.5559 4.7622
274 0 3.1748 5.5559 5.5559
275 0 3.9685 4.7622 5.5559
276 0 3.1748 4.7622 6.3496
277 0 3.9685 5.5559 6.3496
278 0 3.1748 5.5559 7.1433
279 0 3.9685 4.7622 7.1433
280 0 3.1748 6.3496 0
281 0 3.9685 7.1433 0
282 0 3.1748 7.1433 0.793701
283 0 3.9685 6.3496 0.793701
284 0 3.1748 6.3496 1.5874
285 0 3.9685 7.1433 1.5874
286 0 3.1748 7.1433 2.3811
287 0 3.9685 6.3496 2.3811
288 0 3.1748 6.3496 3.1748
289 0 3.9685 7.1433 3.1748
290 0 3.1748 7.1433 3.9685
291 0 3.9685 6.3496 3.9685
292 0 3.1748 6.3496 4.7622
293 0 3.9685 7.1433 4.7622
294 0 3.1748 7.1433 5.5559
295 0 3.9685 6.3496 5.5559
296 0 3.1748 6.3496 6.3496
297 0 3.9685 7.1433 6.3496
298 0 3.1748 7.1433 7.1433
299 0 3.9685 6.3496 7.1433
300 0 4.7622 0 0
301 0 5.5559 0.793701 0
302 0 4.7622 0.793701 0.793701
303 0 5.5559 0 0.793701
304 0 4.7622 0 1.5874
305 0 5.5559 0.793701 1.5874
306 0 4.7622 0.793701 2.3811
307 0 5.5559 0 2.3811
308 0 4.7622 0 3.1748
309 0 5.5559 0.793701 3.1748
310 0 4.7622 0.793701 3.9685
311 0 5.5559 0 3.9685
312 0 4.7622 0 4.7622
313 0 5.5559 0.793701 4.7622
314 0 4.7622 0.793701 5.5559
315 0 5.5559 0 5.5559
316 0 4.7622 0 6.3496
317 0 5.5559 0.793701 6.3496
318 0 4.7622 0.793701 7.1433
319 0 5.5559 0 7.1433
320 0 4.7622 1.5874 0
321 0 5.5559 2.3811 0
322 0 4.7622 2.3811 0.793701
323 0 5.5559 1.5874 0.793701
324 0 4.7622 1.5874 1.5874
325 0 5.5559 2.3811 1.5874
326 0 4.7622 2.3811 2.3811
327 0 5.5559 1.5874 2.3811
328 0 4.7622 1.5874 3.1748
329 0 5.5559 2.3811 3.1748
330 0 4.7622 2.3811 3.9685
331 0 5.5559 1.5874 3.9685
332 0 4.7622 1.5874 4.7622
333 0 5.5559 2.3811 4.7622
334 0 4.7622 2.3811 5.5559
335 0 5.5559 1.5874 5.5559
336 0 4.7622 1.5874 6.3496
337 0 5.5559 2.3811 6.3496
338 0 4.7622 2.3811 7.1433
339 0 5.5559 1.5874 7.1433
340 0 4.7622 3.1748 0
341 0 5.5559 3.9685 0
342 0 4.7622 3.9685 0.793701
343 0 5.5559 3.1748 0.793701
344 0 4.7622 3.1748 1.5874
345 0 5.5559 3.9685 1.5874
346 0 4.7622 3.9685 2.3811
347 0 5.5559 3.1748 2.3811
348 0 4.7622 3.1748 3.1748
349 0 5.5559 3.9685 3.1748
350 0 4.7622 3.9685 3.9685
351 0 5.5559 3.1748 3.9685
352 0 4.7622 3.1748 4.7622
353 0 5.5559 3.9685 4.7622
354 0 4.7622 3.9685 5.5559
355 0 5.5559 3.1748 5.5559
356 0 4.7622 3.1748 6.3496
357 0 5.5559 3.9685 6.3496
358 0 4.7622 3.9685 7.1433
359 0 5.5559 3.1748 7.1433
360 0 4.7622 4.7622 0
361 0 5.5559 5.5559 0
362 0 4.7622 5.5559 0.793701
363 0 5.5559 4.7622 0.793701
364 0 4.7622 4.7622 1.5874
365 0 5.5559 5.5559 1.5874
366 0 4.7622 5.5559 2.3811
367 0 5.5559 4.7622 2.3811
368 0 4.7622 4.7622 3.1748
369 0 5.5559 5.5559 3.1748
370 0 4.7622 5.5559 3.9685
371 0 5.5559 4.7622 3.9685
372 0 4.7622 4.7622 4.7622
373 0 5.5559 5.5559 4.7622
374 0 4.7622 5.5559 5.5559
375 0 5.5559 4.7622 5.5559
376 0 4.7622 4.7622 6.3496
377 0 5.5559 5.5559 6.3496
378 0 4.7622 5.5559 7.1433
379 0 5.5559 4.7622 7.1433
380 0 4.7622 6.3496 0
381 0 5.5559 7.1433 0
382 0 4.7622 7.1433 0.793701
383 0 5.5559 6.3496 0.793701
384 0 4.7622 6.3496 1.5874
385 0 5.5559 7.1433 1.5874
386 0 4.7622 7.1433 2.3811
387 0 5.5559 6.3496 2.3811
388 0 4.7622 6.3496 3.1748
389 0 5.5559 7.1433 3.1748
390 0 4.7622 7.1433 3.9685
391 0 5.5559 6.3496 3.9685
392 0 4.7622 6.3496 4.7622
393 0 5.5559 7.1433 4.7622
394 0 4.7622 7.1433 5.5559
395 0 5.5559 6.3496 5.5559
396 0 4.7622 6.3496 6.3496
397 0 5.5559 7.1433 6.3496
398 0 4.7622 7.1433 7.1433
399 0 5.5559 6.3496 7.1433
400 0 6.3496 0 0
401 0 7.1433 0.793701 0
402 0 6.3496 0.793701 0.793701
403 0 7.1433 0 0.793701
404 0 6.3496 0 1.5874
405 0 7.1433 0.793701 1.5874
406 0 6.3496 0.793701 2.3811
407 0 7.1433 0 2.3811
408 0 6.3496 0 3.1748
409 0 7.1433 0.793701 3.1748
410 0 6.3496 0.793701 3.9685
411 0 7.1433 0 3.9685
412 0 6.3496 0 4.7622
413 0 7.1433 0.793701 4.7622
414 0 6.3496 0.793701 5.5559
415 0 7.1433 0 5.5559
416 0 6.3496 0 6.3496
417 0 7.1433 0.793701 6.3496
418 0 6.3496 0.793701 7.1433
419 0 7.1433 0 7.1433
420 0 6.3496 1.5874 0
421 0 7.1433 2.3811 0
422 0 6.3496 2.3811 0.793701
423 0 7.1433 1.5874 0.793701
424 0 6.3496 1.5874 1.5874
425 0 7.1433 2.3811 1.5874
426 0 6.3496 2.3811 2.3811
427 0 7.1433 1.5874 2.3811
428 0 6.3496 1.5874 3.1748
429 0 7.1433 2.3811 3.1748
430 0 6.3496 2.3811 3.9685
431 0 7.1433 1.5874 3.9685
432 0 6.3496 1.5874 4.7622
433 0 7.1433 2.3811 4.7622
434 0 6.3496 2.3811 5.5559
435 0 7.1433 1.5874 5.5559
436 0 6.3496 1.5874 6.3496
437 0 7.1433 2.3811 6.3496
438 0 6.3496 2.3811 7.1433
439 0 7.1433 1.5874 7.1433
440 0 6.3496 3.1748 0
441 0 7.1433 3.9685 0
442 0 6.3496 3.9685 0.793701
443 0 7.1433 3.1748 0.793701
444 0 6.3496 3.1748 1.5874
445 0 7.1433 3.9685 1.5874
446 0 6.3496 3.9685 2.3811
447 0 7.1433 3.1748 2.3811
448 0 6.3496 3.1748 3.1748
449 0 7.1433 3.9685 3.1748
450 0 6.3496 3.9685 3.9685
451 0 7.1433 3.1748 3.9685
452 0 6.3496 3.1748 4.7622
453 0 7.1433 3.9685 4.7622
454 0 6.3496 3.9685 5.5559
455 0 7.1433 3.1748 5.5559
456 0 6.3496 3.1748 6.3496
457 0 7.1433 3.9685 6.3496
458 0 6.3496 3.9685 7.1433
459 0 7.1433 3.1748 7.1433
460 0 6.3496 4.7622 0
461 0 7.1433 5.5559 0
462 0 6.3496 5.5559 0.793701
463 0 7.1433 4.7622 0.793701
464 0 6.3496 4.7622 1.5874
465 0 7.1433 5.5559 1.5874
466 0 6.3496 5.5559 2.3811
467 0 7.1433 4.7622 2.3811
468 0 6.3496 4.7622 3.1748
469 0 7.1433 5.5559 3.1748
470 0 6.3496 5.5559 3.9685
471 0 7.1433 4.7622 3.9685
472 0 6.3496 4.7622 4.7622
473 0 7.1433 5.5559 4.7622
474 0 6.3496 5.5559 5.5559
475 0 7.1433 4.7622 5.5559
476 0 6.3496 4.7622 6.3496
477 0 7.1433 5.5559 6.3496
478 0 6.3496 5.5559 7.1433
479 0 7.1433 4.7622 7.1433
480 0 6.3496 6.3496 0
481 0 7.1433 7.1433 0
482 0 6.3496 7.1433 0.793701
483 0 7.1433 6.3496 0.793701
484 0 6.3496 6.3496 1.5874
485 0 7.1433 7.1433 1.5874
486 0 6.3496 7.1433 2.3811
487 0 7.1433 6.3496 2.3811
488 0 6.3496 6.3496 3.1748
489 0 7.1433 7.1433 3.1748
490 0 6.3496 7.1433 3.9685
491 0 7.1433 6.3496 3.9685
492 0 6.3496 6.3496 4.7622
493 0 7.1433 7.1433 4.7622
494 0 6.3496 7.1433 5.5559
495 0 7.1433 6.3496 5.5559
496 0 6.3496 6.3496 6.3496
497 0 7.1433 7.1433 6.3496
498 0 6.3496 7.1433 7.1433
499 0 7.1433 6.3496 7.1433
0 10.001 0.0765248 0.0176531 7.92875
1 10.001 0.927213 0.94104 7.93432
2 10.001 0.0886268 0.933752 0.856988
3 10.001 0.916866 0.233395 0.763318
4 10.001 0.18269 0.0860496 1.64661
5 10.001 0.924202 0.901119 1.56828
6 10.001 0.173613 0.968434 2.37727
7 10.001 0.978677 0.182953 2.37926
8 10.001 0.212422 0.122105 3.16967
9 10.001 0.999681 0.938155 3.1908
10 10.001 0.222449 0.946852 3.92893
11 10.001 0.875841 0.0433963 3.98232
12 10.001 0.110899 0.173583 4.72497
13 10.001 0.940344 0.937234 4.77647
14 10.001 0.154566 0.965183 5.67875
15 10.001 0.822226 0.19077 5.57034
16 10.001 0.105159 0.189972 6.36092
17 10.001 1.04306 1.00882 6.43964
18 10.001 0.200693 0.88831 7.18759
19 10.001 0.980929 0.189446 7.1142
20 10.001 0.102065 1.75519 0.0428505
21 10.001 0.904177 2.49048 0.00613598
22 10.001 0.193144 2.49243 0.879789
23 10.001 0.948243 1.67351 0.835718
24 10.001 0.202048 1.70003 1.65948
25 10.001 0.989363 2.45347 1.60241
26 10.001 0.256139 2.55465 2.34482
27 10.001 1.08143 1.63604 2.29434
28 10.001 0.292256 1.77029 3.11138
29 10.001 1.08175 2.54359 3.22969
30 10.001 0.231834 2.5815 3.91839
31 10.001 0.980727 1.70383 3.99276
32 10.001 0.134301 1.77472 4.73046
33 10.001 0.945625 2.58138 4.77243
34 10.001 0.156548 2.53599 5.62537
35 10.001 0.882823 1.67657 5.53483
36 10.001 0.161037 1.75261 6.44817
37 10.001 0.9762 2.52323 6.4191
38 10.001 0.0808224 2.48417 7.214
39 10.001 0.923432 1.73334 7.22111
40 10.001 0.186601 3.31908 0.0470721
41 10.001 1.0114 4.12128 7.89779
42 10.001 0.245108 4.08391 0.762112
43 10.001 1.01957 3.39313 0.869199
44 10.001 0.183597 3.3305 1.63865
45 10.001 0.923045 4.11115 1.6015
46 10.001 0.103668 4.17719 2.40259
47 10.001 1.0061 3.28261 2.40462
48 10.001 0.153073 3.28498 3.10914
49 10.001 0.983911 4.10891 3.10073
50 10.001 0.171469 4.17054 3.99459
51 10.001 1.02349 3.29724 3.96256
52 10.001 0.240513 3.30096 4.76196
53 10.001 0.941382 4.12176 4.76007
54 10.001 0.151294 4.18964 5.53795
55 10.001 0.932596 3.36695 5.50976
56 10.001 0.17837 3.23011 6.36093
57 10.001 0.873464 4.15368 6.33968
58 10.001 0.172224 4.10441 7.07992
59 10.001 0.966156 3.23097 7.16887
60 10.001 0.148067 4.79407 7.88546
61 10.001 1.01724 5.82253 7.9097
62 10.001 0.151273 5.69845 0.818433
63 10.001 0.964861 4.88685 0.804559
64 10.001 0.123389 4.905 1.52363
65 10.001 0.869181 5.63003 1.58473
66 10.001 0.13848 5.71375 2.42586
67 10.001 0.9523 4.89447 2.4029
68 10.001 0.175524 4.95613 3.20294
69 10.001 0.987901 5.76094 3.1229
70 10.001 0.218161 5.64357 3.97022
71 10.001 1.02248 4.87761 4.03777
72 10.001 0.0915147 4.97073 4.70385
73 10.001 0.964187 5.72035 4.70378
74 10.001 0.189739 5.58956 5.48769
75 10.001 0.957289 4.87137 5.53705
76 10.001 0.0564606 4.92543 6.36447
77 10.001 0.804984 5.66259 6.34854
78 10.001 0.189184 5.75765 7.18032
79 10.001 0.794678 4.93875 7.10527
80 10.001 0.158701 6.52177 0.031267
81 10.001 0.976934 7.35565 7.91314
82 10.001 0.0982226 7.29618 0.881057
83 10.001 0.918358 6.56216 0.775619
84 10.001 0.15465 6.43704 1.62063
85 10.001 0.972321 7.27203 1.6183
86 10.001 0.179908 7.29283 2.39422
87 10.001 0.931086 6.54032 2.42925
88 10.001 0.091452 6.5041 3.22379
89 10.001 0.880459 7.25549 3.19798
90 10.001 0.0889718 7.30972 3.90656
91 10.001 0.892613 6.50651 3.93801
92 10.001 0.149684 6.60616 4.76963
93 10.001 0.958811 7.28659 4.69514
94 10.001 0.132864 7.311 5.51645
95 10.001 0.9209 6.43342 5.50759
96 10.001 0.230065 6.5462 6.29377
97 10.001 0.932619 7.33037 6.26435
98 10.001 0.167356 7.30063 7.10617
99 10.001 0.935467 6.54692 7.08712
100 10.001 1.74335 0.197238 7.92467
101 10.001 2.56064 0.870654 0.0564395
102 10.001 1.71701 0.924204 0.704752
103 10.001 2.60485 0.15156 0.847245
104 10.001 1.69804 0.161105 1.48008
105 10.001 2.4912 1.02304 1.48733
106 10.001 1.87828 0.848567 2.37623
107 10.001 2.62338 0.0798153 2.42246
108 10.001 1.78971 0.0888086 3.16542
109 10.001 2.52668 0.989923 3.15431
110 10.001 1.73098 0.827483 3.9735
111 10.001 2.57556 0.152435 3.97952
112 10.001 1.76169 0.216703 4.74794
113 10.001 2.47863 0.95901 4.77435
114 10.001 1.74897 0.957811 5.52086
115 10.001 2.61448 0.15582 5.46164
116 10.001 1.67528 0.132957 6.24048
117 10.001 2.45734 0.920783 6.2842
118 10.001 1.81988 0.914689 7.11352
119 10.001 2.55075 0.121833 7.09617
120 10.001 1.76034 1.79551 0.0101583
121 10.001 2.49054 2.62141 7.83951
122 10.001 1.70642 2.53641 0.791678
123 10.001 2.50994 1.78125 0.688488
124 10.001 1.74399 1.69786 1.47959
125 10.001 2.50523 2.4092 1.51199
126 10.001 1.84174 2.52232 2.31048
127 10.001 2.50962 1.74102 2.37077
128 10.001 1.75916 1.71437 3.23106
129 10.001 2.53031 2.49653 3.14716
130 10.001 1.85845 2.50563 3.92704
131 10.001 2.58823 1.69877 3.90129
132 10.001 1.71107 1.71114 4.71473
133 10.001 2.57171 2.5326 4.72406
134 10.001 1.80348 2.45546 5.50411
135 10.001 2.60547 1.73483 5.51108
136 10.001 1.70831 1.72638 6.34814
137 10.001 2.55674 2.46703 6.39801
138 10.001 1.78046 2.60632 7.10017
139 10.001 2.53319 1.78046 7.14472
140 10.001 1.69572 3.29498 7.9299
141 10.001 2.44868 4.19176 7.92932
142 10.001 1.69239 4.16238 0.862938
143 10.001 2.49238 3.30605 0.77099
144 10.001 1.71086 3.30579 1.62227
145 10.001 2.52558 4.21548 1.53249
146 10.001 1.84174 4.21477 2.34263
147 10.001 2.50704 3.3586 2.32884
148 10.001 1.74944 3.35272 3.20531
149 10.001 2.55173 4.16366 3.21614
150 10.001 1.77413 4.0845 4.03092
151 10.001 2.56679 3.30543 3.92752
152 10.001 1.78827 3.34096 4.89242
153 10.001 2.53739 4.12834 4.78348
154 10.001 1.72624 4.13893 5.57994
155 10.001 2.54819 3.24177 5.68505
156 10.001 1.64128 3.31085 6.2707
157 10.001 2.44844 4.19791 6.36811
158 10.001 1.67277 4.22452 7.08601
159 10.001 2.41342 3.40299 7.14564
160 10.001 1.75957 4.99307 7.92719
161 10.001 2.38824 5.83493 0.0397637
162 10.001 1.69141 5.69899 0.821221
163 10.001 2.50767 4.92158 0.752186
164 10.001 1.75112 4.9765 1.63739
165 10.001 2.50931 5.70507 1.53232
166 10.001 1.75054 5.77697 2.35241
167 10.001 2.62269 4.96322 2.32316
168 10.001 1.76513 4.97731 3.08833
169 10.001 2.57955 5.68545 3.12365
170 10.001 1.73263 5.69197 3.93926
171 10.001 2.53599 5.059 3.9788
172 10.001 1.80433 4.90256 4.74686
173 10.001 2.48109 5.72973 4.77006
174 10.001 1.68173 5.72463 5.55875
175 10.001 2.56245 5.04749 5.5387
176 10.001 1.69585 5.01736 6.25015
177 10.001 2.47442 5.80185 6.30233
178 10.001 1.72325 5.73914 7.05879
179 10.001 2.50161 4.96982 7.08592
180 10.001 1.65208 6.60174 7.9168
181 10.001 2.51133 7.34514 0.0195088
182 10.001 1.67641 7.35216 0.769654
183 10.001 2.47576 6.57883 0.817277
184 10.001 1.78869 6.51427 1.62305
185 10.001 2.5612 7.37595 1.57806
186 10.001 1.83855 7.31177 2.38554
187 10.001 2.53549 6.5175 2.38463
188 10.001 1.7722 6.60098 3.29817
189 10.001 2.6107 7.28846 3.17273
190 10.001 1.81532 7.32169 3.99713
191 10.001 2.58532 6.54407 4.04136
192 10.001 1.6972 6.55759 4.66166
193 10.001 2.54157 7.35146 4.74949
194 10.001 1.61507 7.25809 5.44476
195 10.001 2.40912 6.54109 5.43669
196 10.001 1.68092 6.53558 6.39007
197 10.001 2.57932 7.2759 6.17505
198 10.001 1.70022 7.30692 7.10056
199 10.001 2.50448 6.56757 7.12111
200 10.001 3.35663 0.104484 7.92461
201 10.001 4.10141 0.937046 7.92814
202 10.001 3.30693 1.02859 0.794952
203 10.001 4.05765 0.171084 0.735892
204 10.001 3.33727 0.182076 1.61379
205 10.001 4.14878 0.908203 1.43313
206 10.001 3.35644 0.908233 2.4709
207 10.001 4.1587 0.200588 2.32671
208 10.001 3.39994 0.163651 3.24614
209 10.001 4.13199 0.91889 3.27025
210 10.001 3.36585 0.971476 4.00281
211 10.001 4.16095 0.0547929 3.97236
212 10.001 3.46852 0.162948 4.73402
213 10.001 4.20053 0.993185 4.76236
214 10.001 3.29284 0.977004 5.5626
215 10.001 4.07889 0.193062 5.60742
216 10.001 3.33649 0.17014 6.39227
217 10.001 4.14294 0.966173 6.35992
218 10.001 3.31319 0.998686 7.15243
219 10.001 4.10908 0.21056 7.0906
220 10.001 3.36533 1.69245 0.0184913
221 10.001 4.17296 2.57111 7.85554
222 10.001 3.28715 2.62446 0.711974
223 10.001 4.09739 1.78346 0.774247
224 10.001 3.3413 1.71959 1.54859
225 10.001 4.20748 2.57959 1.58445
226 10.001 3.26666 2.58888 2.24346
227 10.001 4.25191 1.75201 2.26982
228 10.001 3.41115 1.74815 3.06914
229 10.001 4.17391 2.58179 3.0672
230 10.001 3.37701 2.55595 3.92933
231 10.001 4.15869 1.81179 3.96339
232 10.001 3.26836 1.74667 4.72701
233 10.001 4.20576 2.50535 4.75084
234 10.001 3.36818 2.52992 5.65448
235 10.001 4.06941 1.72338 5.59305
236 10.001 3.34331 1.7187 6.39907
237 10.001 4.17734 2.65405 6.26755
238 10.001 3.39875 2.53491 7.2653
239 10.001 4.19073 1.75153 7.04543
240 10.001 3.24627 3.39837 7.89345
241 10.001 4.08601 4.08283 0.0123343
242 10.001 3.30711 4.21939 0.864923
243 10.001 4.16008 3.31763 0.764503
244 10.001 3.30302 3.28777 1.50889
245 10.001 4.14528 4.21706 1.49948
246 10.001 3.33445 4.04161 2.29784
247 10.001 4.15129 3.37489 2.23958
248 10.001 3.28144 3.29906 3.13422
249 10.001 4.11682 4.18599 3.16311
250 10.001 3.35784 4.25031 3.9463
251 10.001 4.10735 3.29074 3.91834
252 10.001 3.29776 3.37888 4.76849
253 10.001 4.12183 4.23713 4.81107
254 10.001 3.41234 4.23497 5.56849
255 10.001 4.09137 3.38394 5.50518
256 10.001 3.27579 3.2952 6.41216
257 10.001 4.07603 4.16431 6.39148
258 10.001 3.33173 4.16764 7.11499
259 10.001 4.13511 3.37607 7.09232
260 10.001 3.35431 4.91573 7.86453
261 10.001 4.0768 5.81046 7.89076
262 10.001 3.24199 5.74642 0.700449
263 10.001 4.10231 4.98146 0.71181
264 10.001 3.27938 5.01128 1.55814
265 10.001 4.05087 5.79822 1.51748
266 10.001 3.37181 5.7681 2.30994
267 10.001 4.13233 5.05755 2.37357
268 10.001 3.37523 4.91154 3.1827
269 10.001 4.0876 5.72764 3.25056
270 10.001 3.38601 5.68082 4.0103
271 10.001 4.19277 4.93662 4.02444
272 10.001 3.36208 4.98732 4.77035
273 10.001 4.15488 5.7515 4.848
274 10.001 3.26939 5.83699 5.57768
275 10.001 4.16406 4.94501 5.65528
276 10.001 3.385 4.97932 6.35666
277 10.001 4.10799 5.77176 6.34759
278 10.001 3.35328 5.68524 7.15644
279 10.001 4.13611 4.97206 7.1818
280 10.001 3.25889 6.59366 7.902
281 10.001 4.15739 7.32104 0.0171495
282 10.001 3.36322 7.20546 0.805225
283 10.001 4.21216 6.56995 0.78041
284 10.001 3.30072 6.54602 1.53984
285 10.001 4.07653 7.31152 1.56524
286 10.001 3.36044 7.30289 2.38829
287 10.001 4.13398 6.45817 2.34216
288 10.001 3.35025 6.43595 3.16255
289 10.001 4.11919 7.25696 3.09298
290 10.001 3.3485 7.28334 3.97427
291 10.001 4.18302 6.53389 4.03238
292 10.001 3.31814 6.47704 4.76453
293 10.001 4.1239 7.19772 4.77217
294 10.001 3.37323 7.21179 5.54774
295 10.001 4.18803 6.50272 5.57109
296 10.001 3.32268 6.50057 6.38243
297 10.001 4.13775 7.24579 6.36914
298 10.001 3.40428 7.35538 7.10455
299 10.001 4.12165 6.50742 7.14485
300 10.001 4.94363 0.192662 7.88637
301 10.001 5.6647 0.942462 0.022249
302 10.001 4.97128 0.863604 0.810581
303 10.001 5.72898 0.216064 0.808263
304 10.001 4.92617 0.157748 1.61
305 10.001 5.63608 0.935795 1.62377
306 10.001 4.91667 1.01122 2.35576
307 10.001 5.63705 0.052767 2.40348
308 10.001 4.95409 0.170004 3.18684
309 10.001 5.72022 0.940521 3.12481
310 10.001 4.97662 0.933067 4.01843
311 10.001 5.72448 0.0779896 4.02483
312 10.001 4.85345 0.129681 4.77525
313 10.001 5.75154 0.913378 4.71457
314 10.001 4.86758 1.01509 5.49092
315 10.001 5.64494 0.175626 5.59175
316 10.001 4.89575 0.123452 6.3711
317 10.001 5.63183 0.985187 6.34823
318 10.001 4.87774 0.900986 7.10608
319 10.001 5.65082 0.170449 7.08018
320 10.001 4.8259 1.7069 0.0344623
321 10.001 5.73401 2.58242 7.89493
322 10.001 4.89152 2.49775 0.810129
323 10.001 5.70857 1.74754 0.696073
324 10.001 4.95824 1.76181 1.54547
325 10.001 5.66441 2.56233 1.53733
326 10.001 4.96142 2.65687 2.28265
327 10.001 5.6579 1.79411 2.35651
328 10.001 4.90739 1.7983 3.15129
329 10.001 5.76105 2.59603 3.12683
330 10.001 4.94613 2.58995 3.88901
331 10.001 5.70653 1.79393 3.89874
332 10.001 4.93702 1.75364 4.64835
333 10.001 5.7747 2.58367 4.76633
334 10.001 4.95195 2.53439 5.53372
335 10.001 5.7 1.75537 5.55284
336 10.001 4.87617 1.82812 6.27604
337 10.001 5.7287 2.4921 6.26928
338 10.001 4.93668 2.6077 7.09227
339 10.001 5.63996 1.7382 7.14409
340 10.001 4.89497 3.36823 7.85257
341 10.001 5.68325 4.15486 7.9094
342 10.001 4.87175 4.04824 0.761057
343 10.001 5.66875 3.26974 0.761863
344 10.001 5.00717 3.34628 1.50686
345 10.001 5.64491 4.15423 1.50383
346 10.001 4.91354 4.19681 2.46855
347 10.001 5.73812 3.39727 2.36938
348 10.001 4.85835 3.41611 3.09382
349 10.001 5.72984 4.16397 3.19706
350 10.001 4.84218 4.11153 3.98025
351 10.001 5.7097 3.36188 3.98632
352 10.001 4.87374 3.28045 4.66327
353 10.001 5.68282 4.1906 4.78885
354 10.001 4.95462 4.22365 5.61714
355 10.001 5.61669 3.36547 5.45762
356 10.001 5.03959 3.42672 6.29033
357 10.001 5.75955 4.27995 6.37164
358 10.001 4.9191 4.09462 7.17338
359 10.001 5.7867 3.28709 7.05401
360 10.001 4.94185 4.98696 0.0685847
361 10.001 5.72419 5.78381 0.0278049
362 10.001 4.90993 5.74596 0.784258
363 10.001 5.64729 4.85223 0.766284
364 10.001 4.94943 4.97919 1.58892
365 10.001 5.63487 5.69969 1.74724
366 10.001 4.97701 5.72021 2.51222
367 10.001 5.74562 4.90293 2.44268
368 10.001 4.8741 4.89786 3.16862
369 10.001 5.71393 5.64204 3.27296
370 10.001 4.99061 5.76041 3.98099
371 10.001 5.64773 4.93537 3.95862
372 10.001 4.94578 4.96531 4.7926
373 10.001 5.74801 5.70101 4.72905
374 10.001 4.92743 5.78037 5.58798
375 10.001 5.76536 5.00917 5.58547
376 10.001 4.95926 4.97598 6.42501
377 10.001 5.7297 5.66695 6.46636
378 10.001 4.88353 5.75642 7.18024
379 10.001 5.68813 4.92625 7.23468
380 10.001 5.01242 6.5697 7.93518
381 10.001 5.79015 7.27023 0.0662346
382 10.001 4.91757 7.38269 0.715838
383 10.001 5.70505 6.52515 0.882562
384 10.001 4.8462 6.44649 1.67291
385 10.001 5.71507 7.40127 1.60195
386 10.001 4.89047 7.33097 2.32404
387 10.001 5.7007 6.48697 2.44932
388 10.001 4.94675 6.62772 3.19987
389 10.001 5.70185 7.33091 3.15388
390 10.001 4.9402 7.31612 4.01567
391 10.001 5.69455 6.59582 3.91918
392 10.001 4.94168 6.49028 4.81344
393 10.001 5.63765 7.31098 4.82891
394 10.001 4.94214 7.3291 5.59949
395 10.001 5.70226 6.45836 5.52819
396 10.001 4.94663 6.52381 6.44953
397 10.001 5.71942 7.25049 6.31467
398 10.001 4.89621 7.28727 7.16438
399 10.001 5.76642 6.57743 7.1256
400 10.001 6.43992 0.177803 0.00872916
401 10.001 7.28245 0.98163 7.80674
402 10.001 6.49123 1.0254 0.775274
403 10.001 7.25039 0.101137 0.856263
404 10.001 6.47318 0.159989 1.5997
405 10.001 7.32633 0.967708 1.71992
406 10.001 6.37864 1.00269 2.3554
407 10.001 7.29755 0.18676 2.48683
408 10.001 6.47764 0.138297 3.16454
409 10.001 7.36546 1.00489 3.24331
410 10.001 6.49998 0.947477 3.97001
411 10.001 7.24843 0.199394 3.90786
412 10.001 6.5669 0.143686 4.72729
413 10.001 7.30069 1.02213 4.80264
414 10.001 6.39152 0.938338 5.62118
415 10.001 7.3414 0.24873 5.49734
416 10.001 6.58494 0.145335 6.29126
417 10.001 7.26246 1.05142 6.38557
418 10.001 6.47424 0.977827 7.0109
419 10.001 7.23686 0.147833 7.12853
420 10.001 6.57926 1.77828 0.0281636
421 10.001 7.22627 2.66934 0.101198
422 10.001 6.4635 2.56885 0.791383
423 10.001 7.29564 1.83219 0.874553
424 10.001 6.46939 1.71649 1.60554
425 10.001 7.24079 2.59503 1.62477
426 10.001 6.48401 2.54076 2.36747
427 10.001 7.26813 1.73962 2.42947
428 10.001 6.6058 1.75174 3.19733
429 10.001 7.30962 2.57279 3.07643
430 10.001 6.5369 2.57768 3.97535
431 10.001 7.39955 1.91496 3.88644
432 10.001 6.50707 1.69651 4.79345
433 10.001 7.31648 2.51788 4.77372
434 10.001 6.52702 2.54638 5.49661
435 10.001 7.28027 1.71306 5.60477
436 10.001 6.50126 1.83008 6.3434
437 10.001 7.25782 2.54822 6.35042
438 10.001 6.50453 2.54365 7.06571
439 10.001 7.28938 1.80076 7.18229
440 10.001 6.4571 3.37187 0.0657272
441 10.001 7.37251 4.04265 0.0125641
442 10.001 6.51677 4.14334 0.738077
443 10.001 7.34157 3.33674 0.834674
444 10.001 6.47276 3.39387 1.55663
445 10.001 7.36071 4.05159 1.56339
446 10.001 6.50014 4.15151 2.34148
447 10.001 7.40176 3.34288 2.37092
448 10.001 6.57956 3.36651 3.04804
449 10.001 7.29665 4.14534 3.12854
450 10.001 6.45348 4.09579 3.91836
451 10.001 7.29256 3.45184 3.95054
452 10.001 6.43478 3.40518 4.80327
453 10.001 7.21597 4.20957 4.74944
454 10.001 6.44908 4.13798 5.54948
455 10.001 7.37638 3.30484 5.54826
456 10.001 6.45153 3.37569 6.23457
457 10.001 7.21001 4.09588 6.4029
458 10.001 6.53081 4.15915 7.27138
459 10.001 7.35965 3.39169 7.17055
460 10.001 6.50534 4.9583 0.0555167
461 10.001 7.34003 5.65935 7.91471
462 10.001 6.44707 5.65825 0.897747
463 10.001 7.30965 4.86134 0.780174
464 10.001 6.48416 4.90108 1.5524
465 10.001 7.26315 5.59449 1.58011
466 10.001 6.57262 5.68503 2.38709
467 10.001 7.3301 4.91882 2.33736
468 10.001 6.53267 4.95016 3.14827
469 10.001 7.32442 5.70992 3.20015
470 10.001 6.53265 5.7311 3.89967
471 10.001 7.30512 4.8833 3.91603
472 10.001 6.44316 4.92728 4.66616
473 10.001 7.23967 5.74273 4.68126
474 10.001 6.53339 5.8374 5.51915
475 10.001 7.27674 4.95914 5.57514
476 10.001 6.5483 4.94183 6.49315
477 10.001 7.31363 5.79965 6.32873
478 10.001 6.50186 5.74271 7.14491
479 10.001 7.29315 4.90796 7.22835
480 10.001 6.51539 6.45998 0.0511188
481 10.001 7.22546 7.21773 7.93507
482 10.001 6.52347 7.31142 0.845438
483 10.001 7.30735 6.47953 0.776059
484 10.001 6.495 6.44449 1.65147
485 10.001 7.20096 7.28157 1.62623
486 10.001 6.46045 7.25175 2.395
487 10.001 7.29644 6.46897 2.3814
488 10.001 6.55612 6.48488 3.2409
489 10.001 7.2706 7.26714 3.21408
490 10.001 6.52182 7.29298 3.93669
491 10.001 7.28879 6.46662 3.93394
492 10.001 6.49726 6.51747 4.65639
493 10.001 7.29796 7.34823 4.74777
494 10.001 6.58612 7.34037 5.45522
495 10.001 7.33352 6.47851 5.4614
496 10.001 6.51119 6.58218 6.35441
497 10.001 7.29918 7.29636 6.30786
498 10.001 6.49732 7.32286 7.16093
499 10.001 7.28674 6.47559 7.13908
0 20 0.416264 0.0196377 0.420411
1 20 1.19799 0.803019 0.616014
2 20 0.378465 0.73886 1.30282
3 20 1.25042 7.91397 1.41392
4 20 0.454456 0.027466 2.09564
5 20 1.24833 0.825622 2.08061
6 20 0.424118 0.822956 2.80036
7 20 1.2052 0.0756648 2.86558
8 20 0.367436 0.00338342 3.58249
9 20 1.20233 0.894291 3.61974
10 20 0.43799 0.811521 4.52381
11 20 1.2841 0.0938423 4.52806
12 20 0.436457 0.0343812 5.22812
13 20 1.2557 0.846077 5.22029
14 20 0.427751 0.889718 6.07228
15 20 1.21263 0.0938386 6.07482
16 20 0.38615 0.0807767 6.85557
17 20 1.27567 0.87239 6.88833
18 20 0.496771 0.820328 7.68024
19 20 1.21173 0.0957158 7.56394
20 20 0.480209 1.60918 0.582228
21 20 1.28318 2.36516 0.478532
22 20 0.441378 2.42249 1.27363
23 20 1.11906 1.60048 1.31615
24 20 0.370235 1.62138 2.12404
25 20 1.21732 2.4679 2.06769
26 20 0.47731 2.35788 2.91035
27 20 1.28282 1.64103 2.85424
28 20 0.338157 1.54715 3.67001
29 20 1.15127 2.34532 3.76429
30 20 0.351737 2.33148 4.4444
31 20 1.18246 1.63119 4.56287
32 20 0.433772 1.67946 5.27526
33 20 1.2766 2.42239 5.3037
34 20 0.400261 2.46685 5.99058
35 20 1.24554 1.63562 6.03143
36 20 0.476775 1.50094 6.88846
37 20 1.17023 2.50509 6.74244
38 20 0.45812 2.38883 7.52272
39 20 1.20281 1.58216 7.6698
40 20 0.441789 3.14339 0.549363
41 20 1.1547 4.08712 0.471403
42 20 0.452119 4.04762 1.38554
43 20 1.14829 3.25326 1.27526
44 20 0.460745 3.16773 2.17202
45 20 1.1839 4.07773 2.14066
46 20 0.395104 4.03321 2.83563
47 20 1.23903 3.16489 2.83854
48 20 0.363981 3.22637 3.62637
49 20 1.20858 3.95646 3.6419
50 20 0.35172 4.02279 4.45368
51 20 1.10323 3.24358 4.39161
52 20 0.365336 3.21454 5.22025
53 20 1.18541 3.94435 5.20663
54 20 0.353161 3.97742 5.99409
55 20 1.14159 3.22704 5.97483
56 20 0.405611 3.28006 6.79845
57 20 1.14315 4.04292 6.88392
58 20 0.416463 3.98967 7.62335
59 20 1.13909 3.21143 7.60692
60 20 0.38768 4.83402 0.584812
61 20 1.13848 5.55622 0.592019
62 20 0.388584 5.66069 1.36066
63 20 1.16188 4.81823 1.41222
64 20 0.318719 4.83923 2.08691
65 20 1.16914 5.68666 2.13161
66 20 0.23802 5.58904 2.84459
67 20 1.1992 4.78826 2.88248
68 20 0.337179 4.744 3.60767
69 20 1.0711 5.61218 3.68198
70 20 0.346702 5.57562 4.45679
71 20 1.16696 4.74901 4.40137
72 20 0.297169 4.8459 5.17327
73 20 1.05104 5.60539 5.24995
74 20 0.335092 5.59472 6.06195
75 20 1.02576 4.71253 6.01407
76 20 0.401865 4.83051 6.84342
77 20 1.13469 5.65886 6.78595
78 20 0.454572 5.59882 7.7725
79 20 1.1507 4.83551 7.66615
80 20 0.413782 6.42025 0.488063
81 20 1.17506 7.27268 0.445481
82 20 0.420798 7.18421 1.32471
83 20 1.243 6.39919 1.2587
84 20 0.330699 6.41591 2.10544
85 20 1.11724 7.11941 2.1509
86 20 0.363175 7.12602 2.92851
87 20 1.1908 6.34806 2.90506
88 20 0.345349 6.34977 3.69053
89 20 1.12618 7.15653 3.62612
90 20 0.403867 7.18439 4.44678
91 20 1.03632 6.36462 4.49461
92 20 0.32977 6.35283 5.23888
93 20 1.2178 7.14745 5.27785
94 20 0.467398 7.19181 5.9697
95 20 1.20867 6.3143 6.01967
96 20 0.410405 6.41567 6.77176
97 20 1.18019 7.27164 6.85669
98 20 0.44858 7.16365 7.57705
99 20 1.08945 6.39839 7.59538
100 20 2.04267 7.91347 0.48939
101 20 2.74648 0.766896 0.545183
102 20 2.03536 0.869624 1.34647
103 20 2.90607 0.0315078 1.28522
104 20 2.0379 0.0196844 2.18135
105 20 2.84348 0.89877 2.06473
106 20 2.07454 0.899862 2.78127
107 20 2.8322 0.00107807 2.90459
108 20 1.98164 0.0633087 3.66938
109 20 2.80266 0.836231 3.69169
110 20 2.09597 0.947553 4.51405
111 20 2.76854 0.00139871 4.49524
112 20 2.00158 7.92551 5.31211
113 20 2.84784 0.817285 5.21024
114 20 1.99785 0.798526 6.07193
115 20 2.82325 7.92531 6.05909
116 20 2.01126 7.91143 6.79131
117 20 2.755 0.784792 6.80077
118 20 2.01646 0.847048 7.63218
119 20 2.69086 0.0243887 7.55302
120 20 1.99263 1.60194 0.494996
121 20 2.69457 2.41901 0.458198
122 20 1.99943 2.48245 1.28211
123 20 2.8504 1.7584 1.33689
124 20 2.0945 1.70999 2.05802
125 20 2.84778 2.56822 2.18693
126 20 2.016 2.45402 2.78248
127 20 2.80126 1.75002 2.94142
128 20 2.01847 1.69715 3.71437
129 20 2.79345 2.48994 3.71571
130 20 2.01265 2.39608 4.55602
131 20 2.8381 1.65648 4.60309
132 20 2.08498 1.68188 5.36681
133 20 2.80005 2.459 5.25339
134 20 1.97287 2.52391 6.04309
135 20 2.85736 1.71053 6.0428
136 20 2.02364 1.58569 6.74019
137 20 2.71022 2.56936 6.79031
138 20 1.93143 2.45247 7.60154
139 20 2.71395 1.65337 7.66566
140 20 1.94848 3.21466 0.572544
141 20 2.67199 4.06976 0.516635
142 20 1.9502 3.97924 1.32102
143 20 2.78579 3.19511 1.25003
144 20 1.97369 3.24712 2.08875
145 20 2.77885 3.96293 2.08058
146 20 2.04113 4.03579 2.9262
147 20 2.71727 3.19505 2.91285
148 20 2.015 3.28683 3.67694
149 20 2.77239 4.05183 3.74323
150 20 2.00417 4.04955 4.54146
151 20 2.77141 3.26011 4.50072
152 20 1.95194 3.27103 5.27512
153 20 2.6995 4.04279 5.30535
154 20 1.9664 4.13176 6.03022
155 20 2.79605 3.23441 5.95136
156 20 1.9355 3.28948 6.73851
157 20 2.70865 4.02158 6.8652
158 20 1.94257 3.97443 7.64954
159 20 2.72312 3.2066 7.6544
160 20 1.95385 4.82021 0.572241
161 20 2.79891 5.50569 0.625052
162 20 1.987 5.63371 1.32224
163 20 2.64429 4.78261 1.35442
164 20 1.97333 4.82647 2.15702
165 20 2.76433 5.50451 2.08419
166 20 1.91734 5.59907 2.90397
167 20 2.76891 4.7461 2.89017
168 20 1.99947 4.74728 3.66162
169 20 2.76735 5.60373 3.62664
170 20 1.8973 5.58813 4.44288
171 20 2.67306 4.82342 4.52584
172 20 1.87218 4.89699 5.20649
173 20 2.79644 5.58092 5.22617
174 20 2.00961 5.52015 6.09038
175 20 2.84915 4.71787 6.07358
176 20 1.98151 4.7651 6.90055
177 20 2.81771 5.61099 6.85559
178 20 1.90721 5.59101 7.62957
179 20 2.76455 4.77258 7.64118
180 20 1.94489 6.38451 0.470561
181 20 2.84031 7.12002 0.551579
182 20 1.98955 7.13365 1.27191
183 20 2.75468 6.38215 1.39849
184 20 1.9682 6.38269 2.13213
185 20 2.78609 7.1668 2.03209
186 20 2.09571 7.12837 2.97529
187 20 2.77587 6.34617 2.79423
188 20 1.9835 6.37658 3.67103
189 20 2.82658 7.02524 3.73802
190 20 1.90802 7.09349 4.45617
191 20 2.77873 6.31594 4.46867
192 20 1.9287 6.2783 5.22512
193 20 2.74185 7.0535 5.26181
194 20 2.08173 7.13111 6.1707
195 20 2.71337 6.27185 6.04833
196 20 2.02728 6.33292 6.87399
197 20 2.83218 7.18463 6.89546
198 20 2.02897 7.19282 7.65622
199 20 2.7527 6.3486 7.65335
200 20 3.59992 0.060578 0.447282
201 20 4.36459 0.894133 0.450758
202 20 3.61303 0.859174 1.22438
203 20 4.27715 0.0717945 1.27014
204 20 3.55962 0.0567191 2.10597
205 20 4.32834 0.802744 2.03076
206 20 3.55483 0.783979 2.92416
207 20 4.28269 0.000890546 2.91698
208 20 3.59488 0.00441447 3.71745
209 20 4.34774 0.791101 3.73621
210 20 3.58168 0.768592 4.46797
211 20 4.36381 0.0840471 4.45167
212 20 3.64418 0.0504609 5.34207
213 20 4.3197 0.739324 5.20919
214 20 3.62696 0.814975 6.11192
215 20 4.34626 7.86453 6.09825
216 20 3.53988 0.0136011 6.82782
217 20 4.4127 0.797889 6.85195
218 20 3.50269 0.754782 7.6233
219 20 4.37825 0.0355862 7.69489
220 20 3.48771 1.60092 0.457877
221 20 4.31966 2.3435 0.483324
222 20 3.58016 2.50713 1.29562
223 20 4.39722 1.66663 1.29995
224 20 3.57113 1.6607 2.20377
225 20 4.40809 2.40936 2.15573
226 20 3.66472 2.45324 2.99517
227 20 4.42179 1.53419 2.93771
228 20 3.56683 1.62628 3.6705
229 20 4.38667 2.31272 3.69211
230 20 3.62004 2.41622 4.46335
231 20 4.48486 1.7015 4.51964
232 20 3.6124 1.63542 5.26069
233 20 4.43561 2.50201 5.23276
234 20 3.61169 2.48421 6.01649
235 20 4.42604 1.6701 5.92814
236 20 3.53715 1.58927 6.89902
237 20 4.44933 2.35351 6.83852
238 20 3.65687 2.35752 7.57055
239 20 4.38864 1.5567 7.59055
240 20 3.51148 3.18138 0.450156
241 20 4.3192 3.9343 0.433691
242 20 3.54234 4.06229 1.23914
243 20 4.40886 3.13381 1.32251
244 20 3.62121 3.2742 2.07193
245 20 4.35089 3.97618 2.08133
246 20 3.5308 4.01402 2.90001
247 20 4.40412 3.16303 3.01291
248 20 3.53 3.3065 3.7619
249 20 4.31588 4.0957 3.65746
250 20 3.6207 4.02607 4.47106
251 20 4.33867 3.32044 4.4771
252 20 3.60159 3.30178 5.2354
253 20 4.39254 4.03846 5.35434
254 20 3.57763 3.97968 6.04126
255 20 4.365 3.17852 6.13828
256 20 3.53555 3.23504 6.77474
257 20 4.35294 3.93662 6.76571
258 20 3.56371 4.02672 7.58916
259 20 4.35131 3.24897 7.57741
260 20 3.69267 4.82809 0.597609
261 20 4.40052 5.54991 0.544244
262 20 3.60005 5.66249 1.32427
263 20 4.39395 4.83035 1.38888
264 20 3.49569 4.72197 2.06824
265 20 4.3506 5.59313 2.16232
266 20 3.52946 5.53082 2.82316
267 20 4.38117 4.77525 2.83464
268 20 3.58179 4.82339 3.6552
269 20 4.37991 5.49714 3.62615
270 20 3.56609 5.46939 4.54788
271 20 4.44082 4.73505 4.51912
272 20 3.56298 4.75342 5.26334
273 20 4.45742 5.56637 5.30098
274 20 3.54802 5.53172 6.01327
275 20 4.43115 4.78198 6.12383
276 20 3.62603 4.74837 6.81081
277 20 4.3117 5.58438 6.82098
278 20 3.49877 5.49502 7.69233
279 20 4.30619 4.78783 7.68376
280 20 3.51225 6.32445 0.563532
281 20 4.45059 7.14137 0.450503
282 20 3.5921 7.15154 1.27442
283 20 4.38121 6.43215 1.29892
284 20 3.55077 6.34448 2.04488
285 20 4.34308 7.20837 2.11387
286 20 3.48253 7.07037 2.82492
287 20 4.33122 6.40598 2.87525
288 20 3.58146 6.23628 3.66684
289 20 4.44009 7.07759 3.74602
290 20 3.62975 7.21366 4.5214
291 20 4.38861 6.24763 4.47685
292 20 3.60129 6.34858 5.25755
293 20 4.36423 6.98163 5.22321
294 20 3.50369 7.19291 6.09616
295 20 4.31784 6.3697 6.12255
296 20 3.59893 6.3952 6.90606
297 20 4.40094 7.08849 6.89854
298 20 3.53136 7.1756 7.76378
299 20 4.32625 6.25237 7.64789
300 20 5.12413 0.0777929 0.516503
301 20 5.93159 0.851849 0.661603
302 20 5.08301 0.908242 1.30428
303 20 5.9266 0.000186026 1.3048
304 20 5.15548 7.93492 2.1312
305 20 5.93067 0.78696 2.16526
306 20 5.12748 0.783986 2.87021
307 20 5.99473 0.0249604 2.8612
308 20 5.15767 0.109355 3.6153
309 20 6.07642 0.779832 3.74022
310 20 5.16163 0.780116 4.4914
311 20 5.91293 7.7984 4.50151
312 20 5.12194 7.87985 5.2879
313 20 5.96575 0.819437 5.30109
314 20 5.07567 0.765119 6.04691
315 20 5.97555 0.0585015 6.16872
316 20 5.0992 7.91008 6.83061
317 20 5.87496 0.870701 7.00346
318 20 5.17193 0.856056 7.65955
319 20 5.94682 0.0671276 7.70328
320 20 5.13088 1.66111 0.496403
321 20 6.02545 2.48488 0.534814
322 20 5.1247 2.41167 1.30694
323 20 6.02828 1.67366 1.47195
324 20 5.14956 1.55876 2.10849
325 20 5.86854 2.37984 2.20303
326 20 5.14057 2.34591 2.95554
327 20 5.88982 1.52477 2.91536
328 20 5.20196 1.55355 3.79719
329 20 5.98786 2.3729 3.68815
330 20 5.19596 2.4635 4.52399
331 20 6.01755 1.59837 4.5075
332 20 5.26933 1.66803 5.27298
333 20 6.03595 2.4414 5.28303
334 20 5.21738 2.46919 6.02145
335 20 6.01476 1.63482 6.06746
336 20 5.15926 1.59507 6.78872
337 20 5.88918 2.41234 6.8414
338 20 5.20496 2.4038 7.63962
339 20 6.02219 1.66427 7.72373
340 20 5.10787 3.12271 0.494609
341 20 5.80713 3.88766 0.534301
342 20 5.12753 4.07617 1.33996
343 20 5.98245 3.22573 1.36597
344 20 5.19905 3.27603 2.07971
345 20 5.93022 4.03431 2.11285
346 20 5.09991 3.99271 2.95273
347 20 5.90821 3.18682 2.94613
348 20 5.2118 3.2333 3.69663
349 20 5.95538 3.99612 3.65623
350 20 5.23 3.99626 4.39232
351 20 6.00888 3.20481 4.41628
352 20 5.141 3.3059 5.26912
353 20 5.98882 3.98549 5.24861
354 20 5.21846 3.99517 6.15702
355 20 6.09704 3.142 6.1264
356 20 5.18753 3.23632 6.86084
357 20 6.06994 4.02793 6.84957
358 20 5.17632 4.0507 7.56124
359 20 5.90147 3.25934 7.63859
360 20 5.15634 4.75248 0.475841
361 20 6.0065 5.65489 0.51876
362 20 5.18559 5.67512 1.26846
363 20 5.98063 4.7578 1.17943
364 20 5.18129 4.80504 2.04713
365 20 5.9383 5.61921 2.01354
366 20 5.1426 5.57149 2.87323
367 20 5.87926 4.78137 2.89324
368 20 5.14259 4.79692 3.69135
369 20 5.91065 5.59752 3.69132
370 20 5.20844 5.5722 4.51941
371 20 5.94004 4.8284 4.49456
372 20 5.29114 4.73152 5.3609
373 20 6.05592 5.57582 5.39884
374 20 5.21381 5.58006 5.99831
375 20 6.05604 4.83014 6.12604
376 20 5.20077 4.7431 6.86626
377 20 5.97798 5.54123 6.85561
378 20 5.22352 5.53441 7.61814
379 20 6.01548 4.7682 7.65691
380 20 5.18773 6.32171 0.476474
381 20 5.84979 7.14885 0.500739
382 20 5.07395 7.12102 1.32697
383 20 5.96552 6.37197 1.32177
384 20 5.17343 6.33358 2.17472
385 20 5.93838 7.1373 2.09419
386 20 5.1235 7.15902 2.89111
387 20 5.96577 6.44817 2.84336
388 20 5.20434 6.41857 3.72396
389 20 5.92757 7.24556 3.64751
390 20 5.24111 7.0838 4.5584
391 20 5.96295 6.35553 4.56786
392 20 5.17117 6.32256 5.33924
393 20 5.88521 7.14151 5.38519
394 20 5.17323 7.20141 6.11712
395 20 6.05128 6.40332 6.10284
396 20 5.14028 6.33531 6.89633
397 20 5.9571 7.14736 6.88225
398 20 5.2275 7.12604 7.63935
399 20 5.99331 6.40682 7.72217
400 20 6.72378 7.93176 0.50445
401 20 7.58123 0.803823 0.488092
402 20 6.77876 0.795418 1.35934
403 20 7.53354 0.00564925 1.22202
404 20 6.76748 0.0244485 2.0349
405 20 7.64158 0.747417 2.06058
406 20 6.82852 0.67705 2.93026
407 20 7.56887 7.86363 2.91217
408 20 6.75402 7.9358 3.80426
409 20 7.50643 0.774273 3.6803
410 20 6.7185 0.771002 4.50316
411 20 7.55497 0.0478084 4.46189
412 20 6.69185 0.0436685 5.24134
413 20 7.51695 0.785407 5.27859
414 20 6.7529 0.779468 6.06732
415 20 7.58647 0.110212 6.11374
416 20 6.76889 0.138643 6.86688
417 20 7.6027 0.804167 6.91803
418 20 6.76359 0.854096 7.68369
419 20 7.55583 0.0336859 7.64142
420 20 6.71543 1.55253 0.604713
421 20 7.55092 2.43517 0.511562
422 20 6.83518 2.48729 1.29041
423 20 7.60929 1.51239 1.26937
424 20 6.84015 1.64543 2.06815
425 20 7.57366 2.46791 2.04194
426 20 6.74679 2.3859 2.84592
427 20 7.49324 1.57929 2.92395
428 20 6.71968 1.55691 3.66607
429 20 7.58497 2.40357 3.57807
430 20 6.78166 2.34997 4.4204
431 20 7.58379 1.54066 4.46133
432 20 6.73858 1.55204 5.25007
433 20 7.4922 2.456 5.26275
434 20 6.78567 2.41236 6.03709
435 20 7.62517 1.64097 6.05252
436 20 6.76903 1.5792 6.7541
437 20 7.56628 2.38794 6.90023
438 20 6.76966 2.36995 7.7066
439 20 7.49959 1.66332 7.65149
440 20 6.86079 3.26332 0.429508
441 20 7.64232 4.0708 0.569256
442 20 6.72128 3.93719 1.3057
443 20 7.63146 3.22419 1.26151
444 20 6.77361 3.17879 2.12482
445 20 7.56977 3.98165 2.05571
446 20 6.66707 3.89623 2.89067
447 20 7.51412 3.22045 2.8743
448 20 6.77923 3.11988 3.68034
449 20 7.50559 3.94352 3.65613
450 20 6.71481 3.93601 4.41971
451 20 7.50242 3.11858 4.45507
452 20 6.73808 3.20254 5.2887
453 20 7.45239 4.02915 5.19005
454 20 6.82559 4.02834 6.11085
455 20 7.53462 3.2713 6.00161
456 20 6.76005 3.11777 6.93259
457 20 7.53252 3.93407 6.92479
458 20 6.84643 3.96495 7.67656
459 20 7.69238 3.14648 7.6546
460 20 6.7961 4.72893 0.382797
461 20 7.60175 5.64357 0.473699
462 20 6.72851 5.58926 1.20588
463 20 7.50559 4.8523 1.23393
464 20 6.75006 4.87992 2.05221
465 20 7.47 5.60332 2.07923
466 20 6.7522 5.59826 2.91016
467 20 7.45192 4.743 2.82867
468 20 6.65312 4.82701 3.65265
469 20 7.44972 5.56788 3.6755
470 20 6.69863 5.57929 4.58096
471 20 7.41791 4.83205 4.39751
472 20 6.79254 4.74301 5.28193
473 20 7.49621 5.61031 5.28556
474 20 6.82493 5.65002 6.13742
475 20 7.55534 4.78224 6.10218
476 20 6.75604 4.85901 6.88765
477 20 7.54201 5.63499 6.82819
478 20 6.71763 5.60591 7.64837
479 20 7.58953 4.8002 7.67669
480 20 6.86912 6.41232 0.488634
481 20 7.5391 7.21534 0.391975
482 20 6.74395 7.12367 1.28089
483 20 7.55046 6.35672 1.26934
484 20 6.78526 6.33409 2.02828
485 20 7.5275 7.2105 2.07067
486 20 6.72955 7.22649 2.91316
487 20 7.45709 6.44033 2.90426
488 20 6.70284 6.38125 3.67125
489 20 7.57227 7.17721 3.7398
490 20 6.72023 7.1404 4.50932
491 20 7.50088 6.31878 4.50142
492 20 6.6977 6.45899 5.23865
493 20 7.49081 7.18792 5.27411
494 20 6.78186 7.2841 6.08401
495 20 7.58366 6.45858 6.06455
496 20 6.79202 6.42298 6.88034
497 20 7.53398 7.17711 6.8493
498 20 6.70825 7.26461 7.62664
499 20 7.56772 6.41067 7.54791
0 30 0.461353 7.65315 0.560122
1 30 1.1457 0.508343 0.546787
2 30 0.491575 0.490537 1.29732
3 30 1.25698 7.62763 1.37901
4 30 0.448858 7.67213 2.25924
5 30 1.19736 0.501829 2.13076
6 30 0.295567 0.524906 2.96266
7 30 1.09683 7.7011 2.97105
8 30 0.28742 7.69034 3.71508
9 30 1.03702 0.508797 3.69755
10 30 0.385753 0.510416 4.55731
11 30 1.16068 7.66845 4.48704
12 30 0.390093 7.56632 5.24316
13 30 1.23089 0.512084 5.16968
14 30 0.453131 0.510129 6.11133
15 30 1.12168 7.6143 6.05248
16 30 0.369143 7.6092 6.83464
17 30 1.22581 0.41447 6.89299
18 30 0.417448 0.497657 7.66504
19 30 1.09828 7.58978 7.68482
20 30 0.407702 1.30103 0.582178
21 30 1.25482 2.10416 0.497422
22 30 0.378804 2.05428 1.40929
23 30 1.24307 1.27779 1.24313
24 30 0.458507 1.26452 2.1794
25 30 1.18772 2.14893 2.19169
26 30 0.393792 2.18852 2.97423
27 30 1.22691 1.27986 2.89601
28 30 0.41836 1.33384 3.6401
29 30 1.24474 2.06149 3.65193
30 30 0.402894 2.13828 4.55578
31 30 1.26696 1.40708 4.43102
32 30 0.470446 1.28756 5.22183
33 30 1.17282 2.14734 5.30083
34 30 0.388156 2.1356 6.15434
35 30 1.16024 1.21051 6.14947
36 30 0.412243 1.24441 6.92798
37 30 1.29985 2.03804 6.95893
38 30 0.367184 2.11154 7.74512
39 30 1.15642 1.30036 7.66952
40 30 0.37378 2.9041 0.495678
41 30 1.27589 3.68302 0.504276
42 30 0.402194 3.63058 1.28531
43 30 1.15716 2.79283 1.31527
44 30 0.435929 2.90689 2.16953
45 30 1.30333 3.54255 2.04735
46 30 0.466043 3.61337 2.89091
47 30 1.18775 2.87638 2.96126
48 30 0.300764 2.88107 3.73008
49 30 1.20178 3.63187 3.75571
50 30 0.360103 3.67352 4.47206
51 30 1.13229 2.8602 4.50514
52 30 0.370547 2.88357 5.39678
53 30 1.23173 3.70326 5.29919
54 30 0.343436 3.61855 6.13636
55 30 1.14246 2.86792 6.24732
56 30 0.439868 2.85415 6.95417
57 30 1.21613 3.6894 6.96032
58 30 0.425389 3.67462 7.74355
59 30 1.20083 2.87118 7.65154
60 30 0.478305 4.47698 0.523003
61 30 1.21127 5.30018 0.622708
62 30 0.420364 5.25105 1.3312
63 30 1.3669 4.43118 1.35611
64 30 0.492969 4.44977 2.09766
65 30 1.18811 5.32497 2.09458
66 30 0.43773 5.19643 2.95524
67 30 1.2317 4.33997 2.86693
68 30 0.391471 4.45798 3.64852
69 30 1.19787 5.20894 3.78679
70 30 0.308066 5.10975 4.4804
71 30 1.16968 4.35558 4.48033
72 30 0.338469 4.35871 5.35195
73 30 1.09301 5.16478 5.27498
74 30 0.44404 5.18568 6.16938
75 30 1.23079 4.41615 6.10029
76 30 0.365429 4.34572 6.95626
77 30 1.2541 5.24418 6.91872
78 30 0.544385 5.23032 7.65027
79 30 1.3269 4.38545 7.73762
80 30 0.399917 6.01326 0.548141
81 30 1.10199 6.84062 0.570101
82 30 0.401408 6.80739 1.33667
83 30 1.20235 6.12392 1.3231
84 30 0.426305 6.0699 2.05666
85 30 1.09811 6.87719 2.22512
86 30 0.338161 6.81519 2.97943
87 30 1.16499 6.01557 2.8962
88 30 0.296082 5.90496 3.7777
89 30 1.17624 6.88407 3.74776
90 30 0.400782 6.76159 4.45577
91 30 1.05399 5.95995 4.5169
92 30 0.384724 5.97508 5.34142
93 30 1.18505 6.76955 5.20471
94 30 0.408964 6.76255 6.14336
95 30 1.18856 5.91871 6.03739
96 30 0.39009 6.01124 6.76821
97 30 1.22012 6.85375 6.84725
98 30 0.434895 6.76784 7.65175
99 30 1.20974 6.0236 7.62579
100 30 1.91839 7.55728 0.416916
101 30 2.69285 0.430619 0.497727
102 30 1.95364 0.461064 1.35872
103 30 2.76256 7.52991 1.3368
104 30 2.01397 7.56859 2.17691
105 30 2.7814 0.481698 2.1718
106 30 1.9907 0.466295 2.87191
107 30 2.77655 7.61289 2.91221
108 30 1.94811 7.69931 3.77663
109 30 2.81602 0.552401 3.69013
110 30 2.09405 0.475911 4.4718
111 30 2.79569 7.6733 4.54838
112 30 1.91814 7.67013 5.28562
113 30 2.86336 0.487567 5.43072
114 30 1.96857 0.457099 6.04224
115 30 2.82162 7.55463 6.03567
116 30 1.99298 7.59883 6.79102
117 30 2.67243 0.498649 6.8447
118 30 1.95461 0.423172 7.68756
119 30 2.70663 7.65186 7.56343
120 30 2.05137 1.25884 0.55893
121 30 2.79224 2.0105 0.637264
122 30 1.98321 2.11201 1.32635
123 30 2.80463 1.22397 1.34724
124 30 1.94374 1.29551 2.06595
125 30 2.88777 2.16697 2.08778
126 30 2.0764 2.06506 2.86529
127 30 2.8311 1.32632 2.87407
128 30 2.08396 1.28098 3.73127
129 30 2.80029 2.02945 3.73066
130 30 1.9459 2.18224 4.59835
131 30 2.82848 1.29474 4.59346
132 30 2.00454 1.34421 5.253
133 30 2.72188 2.08385 5.30926
134 30 1.89539 1.99173 6.10646
135 30 2.68971 1.39843 6.08586
136 30 1.97872 1.25434 6.87098
137 30 2.7409 2.0457 6.91111
138 30 2.03264 2.04319 7.69355
139 30 2.71587 1.16609 7.64789
140 30 2.01625 2.90298 0.464422
141 30 2.79601 3.67755 0.536351
142 30 2.04084 3.61024 1.27626
143 30 2.82969 2.82772 1.34381
144 30 2.05243 2.86202 2.12135
145 30 2.78653 3.6246 2.12771
146 30 2.03867 3.58391 2.9782
147 30 2.81197 2.87426 2.9465
148 30 1.91352 2.83386 3.86684
149 30 2.76755 3.66559 3.73256
150 30 1.948 3.60513 4.55866
151 30 2.73094 2.81013 4.51248
152 30 1.99386 2.85628 5.50151
153 30 2.70429 3.60525 5.30522
154 30 1.96043 3.62353 6.18062
155 30 2.79512 2.81551 6.18997
156 30 1.99355 2.81522 6.9707
157 30 2.85537 3.59589 6.90982
158 30 2.07101 3.61208 7.62754
159 30 2.86282 2.82307 7.80478
160 30 2.05931 4.47614 0.629415
161 30 2.78964 5.22611 0.54927
162 30 2.09868 5.22214 1.38298
163 30 2.81539 4.46114 1.39666
164 30 2.06619 4.36544 2.18162
165 30 2.77156 5.20035 2.24759
166 30 1.92705 5.13836 2.92964
167 30 2.79724 4.43741 2.95639
168 30 2.02344 4.44708 3.7305
169 30 2.80116 5.2365 3.65999
170 30 1.96525 5.17063 4.45212
171 30 2.70591 4.43065 4.55134
172 30 1.95413 4.4585 5.30027
173 30 2.79134 5.28801 5.24409
174 30 1.97591 5.21299 6.15117
175 30 2.75218 4.51182 6.01304
176 30 2.10332 4.44656 6.88924
177 30 2.80432 5.29067 6.86703
178 30 2.08373 5.22817 7.70263
179 30 2.7414 4.44968 7.79178
180 30 1.97005 6.03323 0.549861
181 30 2.70202 6.89407 0.5178
182 30 2.01808 6.76776 1.28724
183 30 2.80493 5.97164 1.41976
184 30 1.95154 6.05004 2.09803
185 30 2.83505 6.82022 2.09423
186 30 1.91893 6.8366 3.00995
187 30 2.69545 6.03457 2.9723
188 30 1.84724 6.12523 3.71476
189 30 2.75354 6.80577 3.74729
190 30 1.98915 6.89232 4.48742
191 30 2.69409 6.01826 4.5135
192 30 1.92569 5.97189 5.28554
193 30 2.70332 6.75712 5.30067
194 30 1.93234 6.7669 6.08169
195 30 2.79474 5.95489 6.01079
196 30 1.93585 6.05701 6.91343
197 30 2.71401 6.77733 6.87169
198 30 1.97155 6.7777 7.66408
199 30 2.76613 6.05785 7.71923
200 30 3.4732 7.60282 0.484371
201 30 4.36591 0.365026 0.494411
202 30 3.57367 0.504807 1.19467
203 30 4.36136 7.55629 1.2888
204 30 3.63259 7.71521 2.07783
205 30 4.48764 0.409467 2.16922
206 30 3.56914 0.528422 2.96618
207 30 4.24327 7.56622 2.92449
208 30 3.51125 7.71117 3.71123
209 30 4.39 0.458141 3.66184
210 30 3.52133 0.553606 4.59354
211 30 4.35433 7.70755 4.58863
212 30 3.53071 7.5826 5.29566
213 30 4.28581 0.478869 5.41296
214 30 3.63758 0.464181 6.18407
215 30 4.44116 7.59284 6.13189
216 30 3.5396 7.67844 6.87823
217 30 4.36435 0.444552 6.87025
218 30 3.57585 0.463735 7.62799
219 30 4.34428 7.57139 7.68957
220 30 3.62502 1.28336 0.441833
221 30 4.42205 2.0314 0.491472
222 30 3.65702 1.93837 1.33089
223 30 4.48992 1.15889 1.37766
224 30 3.61502 1.10562 2.07017
225 30 4.4641 1.95385 2.13764
226 30 3.65032 2.02009 2.98849
227 30 4.32156 1.17546 2.8484
228 30 3.60338 1.3328 3.8144
229 30 4.40202 2.06475 3.69545
230 30 3.64537 2.08744 4.66808
231 30 4.36598 1.23571 4.58384
232 30 3.58428 1.28797 5.34763
233 30 4.42772 2.08478 5.29519
234 30 3.5663 2.08062 6.06189
235 30 4.36404 1.30734 6.09512
236 30 3.51662 1.2824 6.78235
237 30 4.37835 2.09962 6.83707
238 30 3.6442 2.087 7.69061
239 30 4.38212 1.36957 7.64891
240 30 3.65464 2.74913 0.534963
241 30 4.44368 3.70165 0.561382
242 30 3.58961 3.58775 1.31049
243 30 4.47934 2.86948 1.42548
244 30 3.74419 2.68333 2.18933
245 30 4.34431 3.63271 2.16037
246 30 3.5563 3.65995 2.91088
247 30 4.37111 2.83068 3.02062
248 30 3.58226 2.87149 3.73482
249 30 4.33265 3.60584 3.77606
250 30 3.48915 3.64979 4.54773
251 30 4.35257 2.88222 4.45151
252 30 3.54692 2.93982 5.27213
253 30 4.33515 3.69382 5.268
254 30 3.57962 3.72317 6.11193
255 30 4.32615 2.87521 5.99305
256 30 3.63816 2.839 6.99087
257 30 4.41244 3.65193 6.82786
258 30 3.65966 3.64233 7.7415
259 30 4.45215 2.87643 7.73045
260 30 3.59718 4.41012 0.590275
261 30 4.37044 5.23612 0.520861
262 30 3.65068 5.19237 1.30362
263 30 4.43365 4.43053 1.45016
264 30 3.57237 4.39577 2.14782
265 30 4.42499 5.19769 2.21468
266 30 3.61177 5.20044 2.96655
267 30 4.45756 4.36705 2.88051
268 30 3.6247 4.46324 3.72618
269 30 4.26653 5.25802 3.77545
270 30 3.59097 5.26582 4.58322
271 30 4.34554 4.5079 4.47346
272 30 3.59218 4.49701 5.32473
273 30 4.38438 5.29357 5.3326
274 30 3.5531 5.23988 6.07871
275 30 4.32145 4.4347 6.07932
276 30 3.53739 4.50912 6.92281
277 30 4.40818 5.21938 6.87197
278 30 3.54782 5.27107 7.70683
279 30 4.35816 4.44363 7.68746
280 30 3.56095 6.07523 0.514047
281 30 4.36792 6.74241 0.551049
282 30 3.57741 6.87883 1.31685
283 30 4.32885 5.92788 1.34126
284 30 3.57434 6.01204 2.18171
285 30 4.25566 6.7929 2.08533
286 30 3.54921 6.75522 2.97933
287 30 4.36615 6.0602 3.02551
288 30 3.49136 6.02789 3.74488
289 30 4.21537 6.90823 3.70389
290 30 3.55887 6.79484 4.4562
291 30 4.3865 6.09045 4.52974
292 30 3.57201 5.98793 5.32607
293 30 4.38497 6.82488 5.27943
294 30 3.53816 6.83147 6.05749
295 30 4.42406 6.02635 6.14128
296 30 3.65616 6.03225 6.8621
297 30 4.39469 6.80987 6.902
298 30 3.523 6.91479 7.63244
299 30 4.39974 5.96856 7.66978
300 30 5.18595 7.5551 0.481307
301 30 5.99709 0.399906 0.586535
302 30 5.17845 0.454305 1.33869
303 30 5.953 7.53291 1.26207
304 30 5.19436 7.52865 2.20114
305 30 5.95712 0.39846 2.11877
306 30 5.22538 0.434401 2.87675
307 30 6.02668 7.63824 2.92749
308 30 5.17469 7.59522 3.6998
309 30 5.95227 0.507407 3.66755
310 30 5.15039 0.496189 4.41789
311 30 6.00805 7.68505 4.41673
312 30 5.14216 7.71294 5.2467
313 30 6.04729 0.48909 5.29543
314 30 5.14554 0.463828 6.12288
315 30 6.0074 7.64088 6.05553
316 30 5.25904 7.67923 6.85937
317 30 5.93068 0.502873 7.02955
318 30 5.14566 0.513874 7.71229
319 30 5.95363 7.60425 7.67945
320 30 5.24416 1.33224 0.498341
321 30 5.99612 2.02864 0.593443
322 30 5.21749 2.00172 1.3765
323 30 5.94991 1.16172 1.32743
324 30 5.22456 1.23079 2.2046
325 30 5.89997 2.07949 2.16539
326 30 5.16131 1.99666 2.97771
327 30 5.95137 1.19908 2.86775
328 30 5.04362 1.21596 3.62395
329 30 5.93031 2.0463 3.72082
330 30 5.10716 2.00753 4.51699
331 30 5.89438 1.29086 4.53617
332 30 5.11659 1.17933 5.31722
333 30 5.94501 1.95079 5.36579
334 30 5.16593 1.98778 6.03214
335 30 5.98415 1.17093 6.0455
336 30 5.04457 1.2096 6.93448
337 30 5.96869 1.93908 6.90773
338 30 5.22425 2.05594 7.68124
339 30 6.11425 1.24838 7.79415
340 30 5.18358 2.78159 0.575852
341 30 5.99537 3.69236 0.566769
342 30 5.18353 3.68473 1.38712
343 30 5.98945 2.76804 1.46402
344 30 5.13854 2.91017 2.21173
345 30 5.96904 3.64363 2.19367
346 30 5.13303 3.52814 2.97395
347 30 5.93788 2.83224 2.99441
348 30 5.18373 2.81386 3.71018
349 30 5.87908 3.62242 3.81644
350 30 5.11408 3.6867 4.53161
351 30 5.96409 2.77713 4.53573
352 30 5.09717 2.84078 5.20319
353 30 5.8531 3.73191 5.27038
354 30 5.13386 3.67811 6.04648
355 30 5.87798 2.86806 5.98756
356 30 5.20687 2.84168 6.73874
357 30 5.947 3.61676 6.8501
358 30 5.26706 3.58462 7.8085
359 30 5.97979 2.73983 7.67949
360 30 5.21075 4.52015 0.540656
361 30 6.04175 5.2845 0.500047
362 30 5.19698 5.21002 1.39649
363 30 6.02652 4.50084 1.27263
364 30 5.26458 4.44032 2.17781
365 30 6.01147 5.15506 2.10054
366 30 5.28517 5.28135 2.93851
367 30 5.97391 4.42539 2.91754
368 30 5.15005 4.44209 3.748
369 30 5.99111 5.31761 3.79014
370 30 5.10137 5.26884 4.4628
371 30 5.94409 4.43517 4.54671
372 30 5.07035 4.52019 5.31464
373 30 6.0107 5.32236 5.34037
374 30 5.17149 5.23137 6.1582
375 30 5.94772 4.45981 6.11894
376 30 5.13386 4.32051 6.81308
377 30 5.91856 5.25509 6.89511
378 30 5.15212 5.13694 7.72519
379 30 5.94024 4.40702 7.6948
380 30 5.25528 6.04167 0.584003
381 30 6.0241 6.76844 0.470236
382 30 5.1172 6.80809 1.33046
383 30 5.97335 5.98658 1.312
384 30 5.16954 6.02177 2.05728
385 30 5.95 6.83122 2.03261
386 30 5.11493 6.71876 2.89214
387 30 6.0189 6.01045 2.80359
388 30 5.07439 6.11908 3.78658
389 30 5.93977 6.80974 3.65233
390 30 5.24151 6.8654 4.5322
391 30 5.95862 6.10883 4.52312
392 30 5.19859 6.06694 5.32607
393 30 6.00712 6.79939 5.31665
394 30 5.26414 6.8336 6.12638
395 30 6.04134 6.02294 6.03426
396 30 5.21122 6.05181 6.91845
397 30 6.0246 6.77765 6.96412
398 30 5.15566 6.79434 7.74387
399 30 5.95581 6.02207 7.65908
400 30 6.77718 7.63725 0.500553
401 30 7.55663 0.51047 0.580249
402 30 6.76256 0.450366 1.38925
403 30 7.59396 7.62147 1.2599
404 30 6.76856 7.54219 2.06561
405 30 7.54566 0.399484 2.12163
406 30 6.80077 0.440237 2.85056
407 30 7.48898 7.56703 2.98268
408 30 6.78241 7.63102 3.69379
409 30 7.49388 0.477296 3.75896
410 30 6.79177 0.538414 4.56226
411 30 7.566 7.61279 4.49434
412 30 6.80751 7.59912 5.2947
413 30 7.56636 0.432354 5.24891
414 30 6.8686 0.448266 6.0859
415 30 7.53985 7.58085 6.09287
416 30 6.72642 7.66808 6.90328
417 30 7.54057 0.540412 6.878
418 30 6.84361 0.549527 7.69951
419 30 7.54723 7.57131 7.61696
420 30 6.80555 1.26441 0.615872
421 30 7.53461 2.1338 0.641367
422 30 6.66932 2.02902 1.41766
423 30 7.59418 1.21244 1.36969
424 30 6.68896 1.20535 2.17821
425 30 7.54669 1.9716 2.2268
426 30 6.76857 2.06087 2.90287
427 30 7.50604 1.22022 2.9273
428 30 6.72893 1.30505 3.68804
429 30 7.5498 2.01924 3.63272
430 30 6.80225 2.03782 4.48589
431 30 7.61613 1.31491 4.49476
432 30 6.76894 1.35414 5.31142
433 30 7.59587 2.05871 5.27376
434 30 6.64024 2.07574 6.08677
435 30 7.66225 1.22957 6.08639
436 30 6.77803 1.24503 6.83341
437 30 7.54774 2.02289 6.94043
438 30 6.78465 2.15605 7.71882
439 30 7.57375 1.27718 7.66625
440 30 6.7184 2.91115 0.494266
441 30 7.46007 3.61486 0.527132
442 30 6.72593 3.71335 1.37416
443 30 7.42868 2.89203 1.35306
444 30 6.73396 2.88703 2.21568
445 30 7.56339 3.66411 2.07364
446 30 6.73284 3.66807 2.98854
447 30 7.53528 2.86586 2.86265
448 30 6.77398 2.85175 3.74671
449 30 7.58309 3.72935 3.62619
450 30 6.70027 3.6501 4.4906
451 30 7.50979 2.87597 4.47019
452 30 6.73808 2.86866 5.26978
453 30 7.46609 3.59309 5.32153
454 30 6.71147 3.64147 6.11244
455 30 7.43964 2.82058 6.05248
456 30 6.70417 2.84586 6.81252
457 30 7.50193 3.55626 6.83737
458 30 6.73756 3.6098 7.72089
459 30 7.49101 2.83276 7.6369
460 30 6.75131 4.50921 0.496607
461 30 7.54597 5.18135 0.513681
462 30 6.80532 5.2494 1.3753
463 30 7.59007 4.40019 1.3511
464 30 6.74589 4.41342 2.14943
465 30 7.61641 5.30713 2.16076
466 30 6.72996 5.17057 2.86644
467 30 7.6733 4.36783 2.83846
468 30 6.78746 4.45547 3.68832
469 30 7.56771 5.16308 3.63458
470 30 6.71622 5.22663 4.59795
471 30 7.4294 4.45824 4.46881
472 30 6.74964 4.45858 5.37896
473 30 7.53634 5.16113 5.37306
474 30 6.7505 5.22855 6.19522
475 30 7.59905 4.41606 6.21991
476 30 6.70943 4.38139 6.91866
477 30 7.56429 5.26595 6.95697
478 30 6.83667 5.22848 7.66199
479 30 7.49443 4.3442 7.67981
480 30 6.84638 6.00825 0.391984
481 30 7.61171 6.79529 0.480983
482 30 6.74097 6.71823 1.2471
483 30 7.54933 5.98449 1.33176
484 30 6.78677 6.1153 2.11272
485 30 7.62359 6.83851 2.12095
486 30 6.80792 6.7443 2.95383
487 30 7.66129 6.01111 3.00778
488 30 6.85513 5.99952 3.68026
489 30 7.52899 6.82285 3.73887
490 30 6.72724 6.88973 4.46292
491 30 7.46319 5.96096 4.55785
492 30 6.80064 5.96759 5.28214
493 30 7.53296 6.82644 5.25686
494 30 6.73491 6.87905 6.14322
495 30 7.50785 6.02796 6.072
496 30 6.80214 6.06334 6.90572
497 30 7.52984 6.81566 6.8388
498 30 6.83977 6.87198 7.67443
499 30 7.71968 6.00097 7.61288
