0 9.58406e-14
5 0.254083
10.001 0.15952
15.001 0.0950061
20 0.137235
25 0.134944
30 0.113013
35 0.120238
40.001 0.115375
45.001 0.111965
50.001 0.120591
55.001 0.126292
60.001 0.105288
65.001 0.127174
70.001 0.111957
75.001 0.122664
80 0.120346
85 0.106973
90 0.0984219
95 0.119517
100 0.112197
105 0.100705
110 0.10448
115 0.098652
120 0.109758
125 0.105037
130 0.110753
135 0.107151
140 0.09374
145 0.103181
150 0.10484
155 0.110109
160 0.0868404
165 0.0909148
170 0.105134
175 0.106004
180 0.108103
185 0.105203
190 0.0891025
195 0.10644
200 0.0859743
205 0.108015
210 0.100754
215 0.103646
220 0.100918
225 0.106783
230 0.086021
235 0.132842
240 0.113588
245 0.11452
250 0.0926172
255 0.122168
260 0.101234
265 0.0926868
270 0.0972504
275 0.110919
280 0.10388
285 0.0998706
290 0.0913909
295.001 0.11212
300.001 0.118148
305.001 0.10553
310.001 0.110558
315.001 0.1063
320.001 0.0988332
325.001 0.0870305
330.001 0.100423
335.001 0.108895
340.001 0.105601
345.001 0.0943123
350.001 0.112076
355.001 0.0948159
360.001 0.101958
365.001 0.107404
370.001 0.102849
375.001 0.106541
380.001 0.103772
385.001 0.107311
390.001 0.102265
395.001 0.0983276
400.001 0.100809
405.001 0.106521
410.001 0.0988001
415.001 0.120503
420.001 0.0975162
425.001 0.110431
430.001 0.102747
435.001 0.111865
440.001 0.0938519
445.001 0.112534
450.001 0.119963
455.001 0.108919
460.001 0.111573
465.001 0.0986109
470.001 0.0981452
475.001 0.0914762
480.001 0.117199
485.001 0.117525
490.001 0.107877
495.001 0.104782
500.001 0.149939
505.001 0.131997
510.001 0.0950339
515.001 0.109383
520.001 0.110855
525.001 0.10009
530.001 0.109741
535.001 0.10934
540.001 0.104389
545.001 0.105472
550.001 0.0974551
555.001 0.101682
560.001 0.101494
565.001 0.103368
570.001 0.109134
575.001 0.104959
580.001 0.0992578
585.001 0.0991542
590.001 0.102423
595.001 0.114233
600.001 0.109636
605.001 0.102779
610.001 0.0943256
615.001 0.0954502
620.001 0.101689
625.001 0.110246
630.001 0.090045
635.001 0.0980577
640.001 0.102237
645.001 0.102435
650.001 0.106437
655.001 0.1056
660.001 0.110794
665.001 0.105326
670.001 0.108387
675.001 0.09669
680.001 0.096422
685.001 0.107903
690.001 0.0975659
695.001 0.0917472
700.001 0.0903786
705.001 0.109069
710.001 0.121112
715.001 0.109925
720.001 0.0981905
725.001 0.114143
730.001 0.100386
735.001 0.107302
740.001 0.113498
745.001 0.105285
750.001 0.115007
755.001 0.109317
760.001 0.100177
765.001 0.11346
770.001 0.0936195
775.001 0.108186
780.001 0.102271
785.001 0.103753
790.001 0.109956
795.001 0.116965
800.001 0.0960237
805.001 0.0872363
810.001 0.108397
815.001 0.101238
820.001 0.0973118
825.001 0.107879
830.001 0.0960486
835.001 0.116357
840.001 0.0994468
845.001 0.0974494
850.001 0.10197
855.001 0.107
860.001 0.105955
865.001 0.105644
870.001 0.109306
875.001 0.0906749
880.001 0.1027
885.001 0.102186
890.001 0.0913775
895.001 0.105455
900.001 0.105226
905.001 0.110532
910.001 0.0949602
915.001 0.10725
920.001 0.109331
925.001 0.0932243
930.001 0.10655
935.001 0.100392
940.001 0.0943061
945.001 0.106411
950.001 0.114033
955.001 0.100189
960.001 0.106855
965.001 0.10377
970.001 0.109959
975.001 0.115805
980.001 0.100198
985.001 0.0914171
990.001 0.117514
995.001 0.10319
1000 0.101636
1005 0.107451
1010 0.100012
1015 0.100137
1020 0.0915152
1025 0.107295
1030 0.103621
1035 0.101434
1040 0.0951896
1045 0.0963729
1050 0.0930706
1055 0.101323
1060 0.116494
1065 0.104322
1070 0.109323
1075 0.105941
1080 0.0919705
1085 0.095589
1090 0.0878957
1095 0.0916521
1100 0.0978294
1105 0.105203
1110 0.110611
1115 0.10241
1120 0.108277
1125 0.102516
1130 0.103182
1135 0.105644
1140 0.0972261
1145 0.0984619
1150 0.109315
1155 0.101901
1160 0.100984
1165 0.117741
1170 0.0955205
1175 0.115848
1180 0.109004
1185 0.10861
1190 0.10294
1195 0.109602
1200 0.101018
1205 0.0997464
1210 0.100262
1215 0.108236
1220 0.111533
1225 0.105268
1230 0.124877
1235 0.0976081
1240 0.105968
1245 0.11317
1250 0.109754
1255 0.107737
1260 0.0932849
1265 0.11129
1270 0.10419
1275 0.100714
1280 0.115167
1285 0.105657
1290 0.118691
1295 0.111854
1300 0.0929256
1305 0.107713
1310 0.106178
1315 0.102333
1320 0.0864462
1325 0.0971684
1330 0.11176
1335 0.112202
1340 0.0911821
1345 0.08687
1350 0.118124
1355 0.102907
1360 0.109349
1365 0.103151
1370 0.111562
1375 0.102164
1380 0.121022
1385 0.0993776
1390 0.106258
1395 0.0903689
1400 0.110753
1405 0.105655
1410 0.11051
1415 0.109858
1420 0.0950108
1425 0.0995496
1430 0.0862808
1435 0.107556
1440 0.112182
1445 0.111932
1450 0.102066
1455 0.115765
1460 0.108736
1465 0.11072
1470 0.0988578
1475 0.093643
1480 0.100181
1485 0.0994493
1490 0.104721
1495 0.113084
1500 0.1117
1505 0.113086
1510 0.100472
1515 0.109312
1520 0.109256
1525 0.110888
1530 0.0953196
1535 0.111668
1540 0.102058
1545 0.099524
1550 0.0817007
1555 0.0943523
1560 0.11328
1565 0.0998446
1570 0.103578
1575 0.114233
1580 0.107417
1585 0.106527
1590 0.100777
1595 0.0999589
1600 0.100916
1605 0.0995623
1610 0.115513
1615 0.109561
1620 0.102818
1625 0.0855262
1630 0.0999506
1635 0.104493
1640 0.1075
1645 0.0986499
1650 0.0991075
1655 0.105814
1660 0.0937843
1665 0.104838
1670 0.0955759
1675 0.108396
1680 0.112355
1685 0.0977293
1690 0.101534
1695 0.10168
1700 0.095213
1705 0.104386
1710 0.105758
1715 0.103154
1720 0.0921673
1725 0.11609
1730 0.109675
1735 0.103096
1740 0.10608
1745 0.106879
1750 0.110268
1755 0.104531
1760 0.0899548
1765 0.112614
1770 0.111678
1775 0.109442
1780 0.104894
1785 0.109894
1790 0.108464
1795 0.107364
1800 0.104838
1805 0.109573
1810 0.103252
1815 0.104197
1820 0.091312
1825 0.0988117
1830 0.100058
1835 0.102843
1840 0.11116
1845 0.100755
1850 0.101439
1855 0.100644
1860 0.104408
1865 0.0942213
1870 0.100514
1875 0.112069
1880 0.115514
1885 0.113357
1890 0.114795
1895 0.0957291
1900 0.0951693
1905 0.111442
1910 0.107045
1915 0.106771
1920 0.11178
1925 0.101771
1930 0.116614
1935 0.11238
1940 0.0920124
1945 0.108631
1950 0.109293
1955 0.105114
1960 0.108889
1965 0.106338
1970 0.101107
1975 0.106282
1980 0.0984107
1985 0.107686
1990 0.11735
1995 0.109883
